Epoch: 2
Score: 0.551811304975862
All Scores: {"f_macro": 0.551811304975862, "f_anti": 0.6816816816816818, "f_pro": 0.4219409282700422, "p_macro": 0.5886446886446887, "p_anti": 0.5820512820512821, "p_pro": 0.5952380952380952, "r_macro": 0.5746305768684286, "r_anti": 0.822463768115942, "r_pro": 0.32679738562091504, "f-1_macro": 0.551811304975862, "f-1_anti": 0.6816816816816818, "f-1_pro": 0.4219409282700422, "p-1_macro": 0.5886446886446887, "p-1_anti": 0.5820512820512821, "p-1_pro": 0.5952380952380952, "r-1_macro": 0.5746305768684286, "r-1_anti": 0.822463768115942, "r-1_pro": 0.32679738562091504, "f-0_macro": 0.0, "f-0_anti": 0.0, "f-0_pro": 0.0, "p-0_macro": 0.0, "p-0_anti": 0.0, "p-0_pro": 0.0, "r-0_macro": 0.0, "r-0_anti": 0.0, "r-0_pro": 0.0, "topic-f_macro": 0.24709976798143854, "topic-f_anti": 0.0, "topic-f_pro": 0.4941995359628771}
Epoch: 1
Score: 0.5564760821125492
All Scores: {"f_macro": 0.5564760821125492, "f_anti": 0.6910112359550562, "f_pro": 0.4219409282700422, "p_macro": 0.5797291393621669, "p_anti": 0.5642201834862385, "p_pro": 0.5952380952380952, "r_macro": 0.609050866723501, "r_anti": 0.8913043478260869, "r_pro": 0.32679738562091504, "f-1_macro": 0.5564760821125492, "f-1_anti": 0.6910112359550562, "f-1_pro": 0.4219409282700422, "p-1_macro": 0.5797291393621669, "p-1_anti": 0.5642201834862385, "p-1_pro": 0.5952380952380952, "r-1_macro": 0.609050866723501, "r-1_anti": 0.8913043478260869, "r-1_pro": 0.32679738562091504, "f-0_macro": 0.0, "f-0_anti": 0.0, "f-0_pro": 0.0, "p-0_macro": 0.0, "p-0_anti": 0.0, "p-0_pro": 0.0, "r-0_macro": 0.0, "r-0_anti": 0.0, "r-0_pro": 0.0, "topic-f_macro": 0.08114035087719297, "topic-f_anti": 0.0, "topic-f_pro": 0.16228070175438594}
Epoch: 0
Score: 0.5645974071402025
All Scores: {"f_macro": 0.5645974071402025, "f_anti": 0.7072538860103627, "f_pro": 0.4219409282700422, "p_macro": 0.5728206605222734, "p_anti": 0.5504032258064516, "p_pro": 0.5952380952380952, "r_macro": 0.6579639102017618, "r_anti": 0.9891304347826086, "r_pro": 0.32679738562091504, "f-1_macro": 0.5645974071402025, "f-1_anti": 0.7072538860103627, "f-1_pro": 0.4219409282700422, "p-1_macro": 0.5728206605222734, "p-1_anti": 0.5504032258064516, "p-1_pro": 0.5952380952380952, "r-1_macro": 0.6579639102017618, "r-1_anti": 0.9891304347826086, "r-1_pro": 0.32679738562091504, "f-0_macro": 0.0, "f-0_anti": 0.0, "f-0_pro": 0.0, "p-0_macro": 0.0, "p-0_anti": 0.0, "p-0_pro": 0.0, "r-0_macro": 0.0, "r-0_anti": 0.0, "r-0_pro": 0.0, "topic-f_macro": 0.0, "topic-f_anti": 0.0, "topic-f_pro": 0.0}
