Epoch: 0
Score: 0.2972166998011928
All Scores: {"f_macro": 0.2972166998011928, "f_anti": 0.5944333996023856, "f_pro": 0.0, "p_macro": 0.21145685997171146, "p_anti": 0.4229137199434229, "p_pro": 0.0, "r_macro": 0.5, "r_anti": 1.0, "r_pro": 0.0, "f-1_macro": 0.0, "f-1_anti": 0.0, "f-1_pro": 0.0, "p-1_macro": 0.0, "p-1_anti": 0.0, "p-1_pro": 0.0, "r-1_macro": 0.0, "r-1_anti": 0.0, "r-1_pro": 0.0, "f-0_macro": 0.2972166998011928, "f-0_anti": 0.5944333996023856, "f-0_pro": 0.0, "p-0_macro": 0.21145685997171146, "p-0_anti": 0.4229137199434229, "p-0_pro": 0.0, "r-0_macro": 0.5, "r-0_anti": 1.0, "r-0_pro": 0.0, "topic-f_macro": 0.0, "topic-f_anti": 0.0, "topic-f_pro": 0.0}
Epoch: 1
Score: 0.2972166998011928
All Scores: {"f_macro": 0.2972166998011928, "f_anti": 0.5944333996023856, "f_pro": 0.0, "p_macro": 0.21145685997171146, "p_anti": 0.4229137199434229, "p_pro": 0.0, "r_macro": 0.5, "r_anti": 1.0, "r_pro": 0.0, "f-1_macro": 0.0, "f-1_anti": 0.0, "f-1_pro": 0.0, "p-1_macro": 0.0, "p-1_anti": 0.0, "p-1_pro": 0.0, "r-1_macro": 0.0, "r-1_anti": 0.0, "r-1_pro": 0.0, "f-0_macro": 0.2972166998011928, "f-0_anti": 0.5944333996023856, "f-0_pro": 0.0, "p-0_macro": 0.21145685997171146, "p-0_anti": 0.4229137199434229, "p-0_pro": 0.0, "r-0_macro": 0.5, "r-0_anti": 1.0, "r-0_pro": 0.0, "topic-f_macro": 0.0, "topic-f_anti": 0.0, "topic-f_pro": 0.0}
