Epoch: 1
Score: 0.5522186147186148
All Scores: {"f_macro": 0.5522186147186148, "f_anti": 0.7321428571428571, "f_pro": 0.37229437229437234, "p_macro": 0.5896454020086406, "p_anti": 0.6280087527352297, "p_pro": 0.5512820512820513, "r_macro": 0.5793607963062901, "r_anti": 0.8776758409785933, "r_pro": 0.28104575163398693, "f-1_macro": 0.5522186147186148, "f-1_anti": 0.7321428571428571, "f-1_pro": 0.37229437229437234, "p-1_macro": 0.5896454020086406, "p-1_anti": 0.6280087527352297, "p-1_pro": 0.5512820512820513, "r-1_macro": 0.5793607963062901, "r-1_anti": 0.8776758409785933, "r-1_pro": 0.28104575163398693, "f-0_macro": 0.0, "f-0_anti": 0.0, "f-0_pro": 0.0, "p-0_macro": 0.0, "p-0_anti": 0.0, "p-0_pro": 0.0, "r-0_macro": 0.0, "r-0_anti": 0.0, "r-0_pro": 0.0}
Epoch: 2
Score: 0.5818706755496486
All Scores: {"f_macro": 0.5818706755496486, "f_anti": 0.742216687422167, "f_pro": 0.42152466367713004, "p_macro": 0.6487394957983192, "p_anti": 0.6260504201680672, "p_pro": 0.6714285714285714, "r_macro": 0.6092522635965701, "r_anti": 0.9113149847094801, "r_pro": 0.30718954248366015, "f-1_macro": 0.5818706755496486, "f-1_anti": 0.742216687422167, "f-1_pro": 0.42152466367713004, "p-1_macro": 0.6487394957983192, "p-1_anti": 0.6260504201680672, "p-1_pro": 0.6714285714285714, "r-1_macro": 0.6092522635965701, "r-1_anti": 0.9113149847094801, "r-1_pro": 0.30718954248366015, "f-0_macro": 0.0, "f-0_anti": 0.0, "f-0_pro": 0.0, "p-0_macro": 0.0, "p-0_anti": 0.0, "p-0_pro": 0.0, "r-0_macro": 0.0, "r-0_anti": 0.0, "r-0_pro": 0.0}
Epoch: 3
Score: 0.5961172187357983
All Scores: {"f_macro": 0.5961172187357983, "f_anti": 0.7157001414427155, "f_pro": 0.4765342960288809, "p_macro": 0.5990237691001697, "p_anti": 0.6657894736842105, "p_pro": 0.532258064516129, "r_macro": 0.6025364274150027, "r_anti": 0.7737003058103975, "r_pro": 0.43137254901960786, "f-1_macro": 0.5961172187357983, "f-1_anti": 0.7157001414427155, "f-1_pro": 0.4765342960288809, "p-1_macro": 0.5990237691001697, "p-1_anti": 0.6657894736842105, "p-1_pro": 0.532258064516129, "r-1_macro": 0.6025364274150027, "r-1_anti": 0.7737003058103975, "r-1_pro": 0.43137254901960786, "f-0_macro": 0.0, "f-0_anti": 0.0, "f-0_pro": 0.0, "p-0_macro": 0.0, "p-0_anti": 0.0, "p-0_pro": 0.0, "r-0_macro": 0.0, "r-0_anti": 0.0, "r-0_pro": 0.0}
Epoch: 5
Score: 0.6015142252014236
All Scores: {"f_macro": 0.6015142252014236, "f_anti": 0.7011834319526626, "f_pro": 0.5018450184501845, "p_macro": 0.6276771404982759, "p_anti": 0.6790830945558739, "p_pro": 0.576271186440678, "r_macro": 0.5846075433231397, "r_anti": 0.7247706422018348, "r_pro": 0.4444444444444444, "f-1_macro": 0.6015142252014236, "f-1_anti": 0.7011834319526626, "f-1_pro": 0.5018450184501845, "p-1_macro": 0.6276771404982759, "p-1_anti": 0.6790830945558739, "p-1_pro": 0.576271186440678, "r-1_macro": 0.5846075433231397, "r-1_anti": 0.7247706422018348, "r-1_pro": 0.4444444444444444, "f-0_macro": 0.0, "f-0_anti": 0.0, "f-0_pro": 0.0, "p-0_macro": 0.0, "p-0_anti": 0.0, "p-0_pro": 0.0, "r-0_macro": 0.0, "r-0_anti": 0.0, "r-0_pro": 0.0}
Epoch: 4
Score: 0.6179890560875514
All Scores: {"f_macro": 0.6179890560875514, "f_anti": 0.7359781121751027, "f_pro": 0.5, "p_macro": 0.6592365815528922, "p_anti": 0.6658415841584159, "p_pro": 0.6526315789473685, "r_macro": 0.6139293637944474, "r_anti": 0.8226299694189603, "r_pro": 0.40522875816993464, "f-1_macro": 0.6179890560875514, "f-1_anti": 0.7359781121751027, "f-1_pro": 0.5, "p-1_macro": 0.6592365815528922, "p-1_anti": 0.6658415841584159, "p-1_pro": 0.6526315789473685, "r-1_macro": 0.6139293637944474, "r-1_anti": 0.8226299694189603, "r-1_pro": 0.40522875816993464, "f-0_macro": 0.0, "f-0_anti": 0.0, "f-0_pro": 0.0, "p-0_macro": 0.0, "p-0_anti": 0.0, "p-0_pro": 0.0, "r-0_macro": 0.0, "r-0_anti": 0.0, "r-0_pro": 0.0}
