Epoch: 21
Score: 0.6033104690272517
All Scores: {"f_macro": 0.6033104690272517, "f_anti": 0.6623586429725363, "f_pro": 0.5442622950819672, "p_macro": 0.597742866705715, "p_anti": 0.6346749226006192, "p_pro": 0.5608108108108109, "r_macro": 0.6106149939748666, "r_anti": 0.6925675675675675, "r_pro": 0.5286624203821656, "f-1_macro": 0.6033104690272517, "f-1_anti": 0.6623586429725363, "f-1_pro": 0.5442622950819672, "p-1_macro": 0.597742866705715, "p-1_anti": 0.6346749226006192, "p-1_pro": 0.5608108108108109, "r-1_macro": 0.6106149939748666, "r-1_anti": 0.6925675675675675, "r-1_pro": 0.5286624203821656, "f-0_macro": 0.0, "f-0_anti": 0.0, "f-0_pro": 0.0, "p-0_macro": 0.0, "p-0_anti": 0.0, "p-0_pro": 0.0, "r-0_macro": 0.0, "r-0_anti": 0.0, "r-0_pro": 0.0}
Epoch: 31
Score: 0.6072210123617712
All Scores: {"f_macro": 0.6072210123617712, "f_anti": 0.6762360446570973, "f_pro": 0.5382059800664452, "p_macro": 0.6014916918429003, "p_anti": 0.6404833836858006, "p_pro": 0.5625, "r_macro": 0.6160698915475986, "r_anti": 0.7162162162162162, "r_pro": 0.5159235668789809, "f-1_macro": 0.6072210123617712, "f-1_anti": 0.6762360446570973, "f-1_pro": 0.5382059800664452, "p-1_macro": 0.6014916918429003, "p-1_anti": 0.6404833836858006, "p-1_pro": 0.5625, "r-1_macro": 0.6160698915475986, "r-1_anti": 0.7162162162162162, "r-1_pro": 0.5159235668789809, "f-0_macro": 0.0, "f-0_anti": 0.0, "f-0_pro": 0.0, "p-0_macro": 0.0, "p-0_anti": 0.0, "p-0_pro": 0.0, "r-0_macro": 0.0, "r-0_anti": 0.0, "r-0_pro": 0.0}
Epoch: 7
Score: 0.6116202455825097
All Scores: {"f_macro": 0.6116202455825097, "f_anti": 0.6634920634920635, "f_pro": 0.5597484276729559, "p_macro": 0.5892717670249563, "p_anti": 0.625748502994012, "p_pro": 0.5527950310559007, "r_macro": 0.6364800309864004, "r_anti": 0.706081081081081, "r_pro": 0.5668789808917197, "f-1_macro": 0.6116202455825097, "f-1_anti": 0.6634920634920635, "f-1_pro": 0.5597484276729559, "p-1_macro": 0.5892717670249563, "p-1_anti": 0.625748502994012, "p-1_pro": 0.5527950310559007, "r-1_macro": 0.6364800309864004, "r-1_anti": 0.706081081081081, "r-1_pro": 0.5668789808917197, "f-0_macro": 0.0, "f-0_anti": 0.0, "f-0_pro": 0.0, "p-0_macro": 0.0, "p-0_anti": 0.0, "p-0_pro": 0.0, "r-0_macro": 0.0, "r-0_anti": 0.0, "r-0_pro": 0.0}
Epoch: 12
Score: 0.6152402290266368
All Scores: {"f_macro": 0.6152402290266368, "f_anti": 0.6738461538461539, "f_pro": 0.5566343042071197, "p_macro": 0.5922167707404103, "p_anti": 0.6186440677966102, "p_pro": 0.5657894736842105, "r_macro": 0.6438177827509037, "r_anti": 0.7398648648648649, "r_pro": 0.5477707006369427, "f-1_macro": 0.6152402290266368, "f-1_anti": 0.6738461538461539, "f-1_pro": 0.5566343042071197, "p-1_macro": 0.5922167707404103, "p-1_anti": 0.6186440677966102, "p-1_pro": 0.5657894736842105, "r-1_macro": 0.6438177827509037, "r-1_anti": 0.7398648648648649, "r-1_pro": 0.5477707006369427, "f-0_macro": 0.0, "f-0_anti": 0.0, "f-0_pro": 0.0, "p-0_macro": 0.0, "p-0_anti": 0.0, "p-0_pro": 0.0, "r-0_macro": 0.0, "r-0_anti": 0.0, "r-0_pro": 0.0}
Epoch: 10
Score: 0.6241996025612718
All Scores: {"f_macro": 0.6241996025612718, "f_anti": 0.6769706336939723, "f_pro": 0.5714285714285714, "p_macro": 0.6033565404426331, "p_anti": 0.6239316239316239, "p_pro": 0.5827814569536424, "r_macro": 0.6501872095024961, "r_anti": 0.7398648648648649, "r_pro": 0.5605095541401274, "f-1_macro": 0.6241996025612718, "f-1_anti": 0.6769706336939723, "f-1_pro": 0.5714285714285714, "p-1_macro": 0.6033565404426331, "p-1_anti": 0.6239316239316239, "p-1_pro": 0.5827814569536424, "r-1_macro": 0.6501872095024961, "r-1_anti": 0.7398648648648649, "r-1_pro": 0.5605095541401274, "f-0_macro": 0.0, "f-0_anti": 0.0, "f-0_pro": 0.0, "p-0_macro": 0.0, "p-0_anti": 0.0, "p-0_pro": 0.0, "r-0_macro": 0.0, "r-0_anti": 0.0, "r-0_pro": 0.0}
