Epoch: 14
Score: 0.6525050490303429
All Scores: {"f_macro": 0.6525050490303429, "f_anti": 0.7411003236245955, "f_pro": 0.5639097744360902, "p_macro": 0.666653728717073, "p_anti": 0.6695906432748538, "p_pro": 0.6637168141592921, "r_macro": 0.6599531116794544, "r_anti": 0.8297101449275363, "r_pro": 0.49019607843137253, "f-1_macro": 0.6525050490303429, "f-1_anti": 0.7411003236245955, "f-1_pro": 0.5639097744360902, "p-1_macro": 0.666653728717073, "p-1_anti": 0.6695906432748538, "p-1_pro": 0.6637168141592921, "r-1_macro": 0.6599531116794544, "r-1_anti": 0.8297101449275363, "r-1_pro": 0.49019607843137253, "f-0_macro": 0.0, "f-0_anti": 0.0, "f-0_pro": 0.0, "p-0_macro": 0.0, "p-0_anti": 0.0, "p-0_pro": 0.0, "r-0_macro": 0.0, "r-0_anti": 0.0, "r-0_pro": 0.0}
Epoch: 44
Score: 0.6547798707996308
All Scores: {"f_macro": 0.6547798707996308, "f_anti": 0.7119266055045872, "f_pro": 0.5976331360946745, "p_macro": 0.6335677685120065, "p_anti": 0.7211895910780669, "p_pro": 0.5459459459459459, "r_macro": 0.681514634839443, "r_anti": 0.7028985507246377, "r_pro": 0.6601307189542484, "f-1_macro": 0.6547798707996308, "f-1_anti": 0.7119266055045872, "f-1_pro": 0.5976331360946745, "p-1_macro": 0.6335677685120065, "p-1_anti": 0.7211895910780669, "p-1_pro": 0.5459459459459459, "r-1_macro": 0.681514634839443, "r-1_anti": 0.7028985507246377, "r-1_pro": 0.6601307189542484, "f-0_macro": 0.0, "f-0_anti": 0.0, "f-0_pro": 0.0, "p-0_macro": 0.0, "p-0_anti": 0.0, "p-0_pro": 0.0, "r-0_macro": 0.0, "r-0_anti": 0.0, "r-0_pro": 0.0}
Epoch: 46
Score: 0.6571973059668809
All Scores: {"f_macro": 0.6571973059668809, "f_anti": 0.7372134038800705, "f_pro": 0.5771812080536912, "p_macro": 0.655658253347553, "p_anti": 0.718213058419244, "p_pro": 0.593103448275862, "r_macro": 0.659668940039784, "r_anti": 0.7572463768115942, "r_pro": 0.5620915032679739, "f-1_macro": 0.6571973059668809, "f-1_anti": 0.7372134038800705, "f-1_pro": 0.5771812080536912, "p-1_macro": 0.655658253347553, "p-1_anti": 0.718213058419244, "p-1_pro": 0.593103448275862, "r-1_macro": 0.659668940039784, "r-1_anti": 0.7572463768115942, "r-1_pro": 0.5620915032679739, "f-0_macro": 0.0, "f-0_anti": 0.0, "f-0_pro": 0.0, "p-0_macro": 0.0, "p-0_anti": 0.0, "p-0_pro": 0.0, "r-0_macro": 0.0, "r-0_anti": 0.0, "r-0_pro": 0.0}
Epoch: 6
Score: 0.6642832228810605
All Scores: {"f_macro": 0.6642832228810605, "f_anti": 0.7540983606557379, "f_pro": 0.5744680851063829, "p_macro": 0.658264865617602, "p_anti": 0.688622754491018, "p_pro": 0.627906976744186, "r_macro": 0.6813725490196079, "r_anti": 0.8333333333333334, "r_pro": 0.5294117647058824, "f-1_macro": 0.6642832228810605, "f-1_anti": 0.7540983606557379, "f-1_pro": 0.5744680851063829, "p-1_macro": 0.658264865617602, "p-1_anti": 0.688622754491018, "p-1_pro": 0.627906976744186, "r-1_macro": 0.6813725490196079, "r-1_anti": 0.8333333333333334, "r-1_pro": 0.5294117647058824, "f-0_macro": 0.0, "f-0_anti": 0.0, "f-0_pro": 0.0, "p-0_macro": 0.0, "p-0_anti": 0.0, "p-0_pro": 0.0, "r-0_macro": 0.0, "r-0_anti": 0.0, "r-0_pro": 0.0}
Epoch: 43
Score: 0.6656285514468049
All Scores: {"f_macro": 0.6656285514468049, "f_anti": 0.7275985663082438, "f_pro": 0.603658536585366, "p_macro": 0.6427862208713273, "p_anti": 0.7198581560283688, "p_pro": 0.5657142857142857, "r_macro": 0.6912830349531117, "r_anti": 0.7355072463768116, "r_pro": 0.6470588235294118, "f-1_macro": 0.6656285514468049, "f-1_anti": 0.7275985663082438, "f-1_pro": 0.603658536585366, "p-1_macro": 0.6427862208713273, "p-1_anti": 0.7198581560283688, "p-1_pro": 0.5657142857142857, "r-1_macro": 0.6912830349531117, "r-1_anti": 0.7355072463768116, "r-1_pro": 0.6470588235294118, "f-0_macro": 0.0, "f-0_anti": 0.0, "f-0_pro": 0.0, "p-0_macro": 0.0, "p-0_anti": 0.0, "p-0_pro": 0.0, "r-0_macro": 0.0, "r-0_anti": 0.0, "r-0_pro": 0.0}
