Epoch: 13
Score: 0.5589675470125541
All Scores: {"f_macro": 0.5589675470125541, "f_anti": 0.6748971193415638, "f_pro": 0.44303797468354433, "p_macro": 0.5336776609882807, "p_anti": 0.6910112359550562, "p_pro": 0.3763440860215054, "r_macro": 0.5989894823674984, "r_anti": 0.6595174262734584, "r_pro": 0.5384615384615384, "f-1_macro": 0.5589675470125541, "f-1_anti": 0.6748971193415638, "f-1_pro": 0.44303797468354433, "p-1_macro": 0.5336776609882807, "p-1_anti": 0.6910112359550562, "p-1_pro": 0.3763440860215054, "r-1_macro": 0.5989894823674984, "r-1_anti": 0.6595174262734584, "r-1_pro": 0.5384615384615384, "f-0_macro": 0.0, "f-0_anti": 0.0, "f-0_pro": 0.0, "p-0_macro": 0.0, "p-0_anti": 0.0, "p-0_pro": 0.0, "r-0_macro": 0.0, "r-0_anti": 0.0, "r-0_pro": 0.0}
Epoch: 7
Score: 0.5662775602825281
All Scores: {"f_macro": 0.5662775602825281, "f_anti": 0.6897506925207757, "f_pro": 0.44280442804428044, "p_macro": 0.5694994818021094, "p_anti": 0.7134670487106017, "p_pro": 0.425531914893617, "r_macro": 0.5645493916271396, "r_anti": 0.6675603217158177, "r_pro": 0.46153846153846156, "f-1_macro": 0.5662775602825281, "f-1_anti": 0.6897506925207757, "f-1_pro": 0.44280442804428044, "p-1_macro": 0.5694994818021094, "p-1_anti": 0.7134670487106017, "p-1_pro": 0.425531914893617, "r-1_macro": 0.5645493916271396, "r-1_anti": 0.6675603217158177, "r-1_pro": 0.46153846153846156, "f-0_macro": 0.0, "f-0_anti": 0.0, "f-0_pro": 0.0, "p-0_macro": 0.0, "p-0_anti": 0.0, "p-0_pro": 0.0, "r-0_macro": 0.0, "r-0_anti": 0.0, "r-0_pro": 0.0}
Epoch: 47
Score: 0.5800744085655051
All Scores: {"f_macro": 0.5800744085655051, "f_anti": 0.6721763085399448, "f_pro": 0.48797250859106533, "p_macro": 0.5661059595657453, "p_anti": 0.6912181303116147, "p_pro": 0.4409937888198758, "r_macro": 0.6001546710661991, "r_anti": 0.6541554959785523, "r_pro": 0.5461538461538461, "f-1_macro": 0.5800744085655051, "f-1_anti": 0.6721763085399448, "f-1_pro": 0.48797250859106533, "p-1_macro": 0.5661059595657453, "p-1_anti": 0.6912181303116147, "p-1_pro": 0.4409937888198758, "r-1_macro": 0.6001546710661991, "r-1_anti": 0.6541554959785523, "r-1_pro": 0.5461538461538461, "f-0_macro": 0.0, "f-0_anti": 0.0, "f-0_pro": 0.0, "p-0_macro": 0.0, "p-0_anti": 0.0, "p-0_pro": 0.0, "r-0_macro": 0.0, "r-0_anti": 0.0, "r-0_pro": 0.0}
Epoch: 9
Score: 0.5899122807017544
All Scores: {"f_macro": 0.5899122807017544, "f_anti": 0.6666666666666666, "f_pro": 0.5131578947368421, "p_macro": 0.5946297343131712, "p_anti": 0.740983606557377, "p_pro": 0.4482758620689655, "r_macro": 0.6029490616621984, "r_anti": 0.6058981233243967, "r_pro": 0.6, "f-1_macro": 0.5899122807017544, "f-1_anti": 0.6666666666666666, "f-1_pro": 0.5131578947368421, "p-1_macro": 0.5946297343131712, "p-1_anti": 0.740983606557377, "p-1_pro": 0.4482758620689655, "r-1_macro": 0.6029490616621984, "r-1_anti": 0.6058981233243967, "r-1_pro": 0.6, "f-0_macro": 0.0, "f-0_anti": 0.0, "f-0_pro": 0.0, "p-0_macro": 0.0, "p-0_anti": 0.0, "p-0_pro": 0.0, "r-0_macro": 0.0, "r-0_anti": 0.0, "r-0_pro": 0.0}
Epoch: 8
Score: 0.5911785493418147
All Scores: {"f_macro": 0.5911785493418147, "f_anti": 0.6575757575757576, "f_pro": 0.5247813411078717, "p_macro": 0.5893163861216077, "p_anti": 0.7560975609756098, "p_pro": 0.4225352112676056, "r_macro": 0.6370385646525056, "r_anti": 0.5817694369973191, "r_pro": 0.6923076923076923, "f-1_macro": 0.5911785493418147, "f-1_anti": 0.6575757575757576, "f-1_pro": 0.5247813411078717, "p-1_macro": 0.5893163861216077, "p-1_anti": 0.7560975609756098, "p-1_pro": 0.4225352112676056, "r-1_macro": 0.6370385646525056, "r-1_anti": 0.5817694369973191, "r-1_pro": 0.6923076923076923, "f-0_macro": 0.0, "f-0_anti": 0.0, "f-0_pro": 0.0, "p-0_macro": 0.0, "p-0_anti": 0.0, "p-0_pro": 0.0, "r-0_macro": 0.0, "r-0_anti": 0.0, "r-0_pro": 0.0}
