Epoch: 13
Score: 0.639911097206471
All Scores: {"f_macro": 0.639911097206471, "f_anti": 0.7010676156583631, "f_pro": 0.5787545787545788, "p_macro": 0.6354804537115986, "p_anti": 0.6769759450171822, "p_pro": 0.5939849624060151, "r_macro": 0.645611491829204, "r_anti": 0.7269372693726938, "r_pro": 0.5642857142857143, "f-1_macro": 0.639911097206471, "f-1_anti": 0.7010676156583631, "f-1_pro": 0.5787545787545788, "p-1_macro": 0.6354804537115986, "p-1_anti": 0.6769759450171822, "p-1_pro": 0.5939849624060151, "r-1_macro": 0.645611491829204, "r-1_anti": 0.7269372693726938, "r-1_pro": 0.5642857142857143, "f-0_macro": 0.0, "f-0_anti": 0.0, "f-0_pro": 0.0, "p-0_macro": 0.0, "p-0_anti": 0.0, "p-0_pro": 0.0, "r-0_macro": 0.0, "r-0_anti": 0.0, "r-0_pro": 0.0}
Epoch: 35
Score: 0.6407018907018907
All Scores: {"f_macro": 0.6407018907018907, "f_anti": 0.6888111888111887, "f_pro": 0.5925925925925927, "p_macro": 0.6349348326092512, "p_anti": 0.654485049833887, "p_pro": 0.6153846153846154, "r_macro": 0.6491829204006325, "r_anti": 0.7269372693726938, "r_pro": 0.5714285714285714, "f-1_macro": 0.6407018907018907, "f-1_anti": 0.6888111888111887, "f-1_pro": 0.5925925925925927, "p-1_macro": 0.6349348326092512, "p-1_anti": 0.654485049833887, "p-1_pro": 0.6153846153846154, "r-1_macro": 0.6491829204006325, "r-1_anti": 0.7269372693726938, "r-1_pro": 0.5714285714285714, "f-0_macro": 0.0, "f-0_anti": 0.0, "f-0_pro": 0.0, "p-0_macro": 0.0, "p-0_anti": 0.0, "p-0_pro": 0.0, "r-0_macro": 0.0, "r-0_anti": 0.0, "r-0_pro": 0.0}
Epoch: 14
Score: 0.6436896880610412
All Scores: {"f_macro": 0.6436896880610412, "f_anti": 0.6858168761220825, "f_pro": 0.6015625, "p_macro": 0.6658126356402219, "p_anti": 0.6678321678321678, "p_pro": 0.6637931034482759, "r_macro": 0.6273985239852399, "r_anti": 0.7047970479704797, "r_pro": 0.55, "f-1_macro": 0.6436896880610412, "f-1_anti": 0.6858168761220825, "f-1_pro": 0.6015625, "p-1_macro": 0.6658126356402219, "p-1_anti": 0.6678321678321678, "p-1_pro": 0.6637931034482759, "r-1_macro": 0.6273985239852399, "r-1_anti": 0.7047970479704797, "r-1_pro": 0.55, "f-0_macro": 0.0, "f-0_anti": 0.0, "f-0_pro": 0.0, "p-0_macro": 0.0, "p-0_anti": 0.0, "p-0_pro": 0.0, "r-0_macro": 0.0, "r-0_anti": 0.0, "r-0_pro": 0.0}
Epoch: 17
Score: 0.6444840131174422
All Scores: {"f_macro": 0.6444840131174422, "f_anti": 0.6933797909407666, "f_pro": 0.5955882352941178, "p_macro": 0.6352010201020102, "p_anti": 0.6567656765676567, "p_pro": 0.6136363636363636, "r_macro": 0.6564443858724303, "r_anti": 0.7343173431734318, "r_pro": 0.5785714285714286, "f-1_macro": 0.6444840131174422, "f-1_anti": 0.6933797909407666, "f-1_pro": 0.5955882352941178, "p-1_macro": 0.6352010201020102, "p-1_anti": 0.6567656765676567, "p-1_pro": 0.6136363636363636, "r-1_macro": 0.6564443858724303, "r-1_anti": 0.7343173431734318, "r-1_pro": 0.5785714285714286, "f-0_macro": 0.0, "f-0_anti": 0.0, "f-0_pro": 0.0, "p-0_macro": 0.0, "p-0_anti": 0.0, "p-0_pro": 0.0, "r-0_macro": 0.0, "r-0_anti": 0.0, "r-0_pro": 0.0}
Epoch: 11
Score: 0.660280029476787
All Scores: {"f_macro": 0.660280029476787, "f_anti": 0.711864406779661, "f_pro": 0.608695652173913, "p_macro": 0.6379771344274388, "p_anti": 0.658307210031348, "p_pro": 0.6176470588235294, "r_macro": 0.6874538745387454, "r_anti": 0.7749077490774908, "r_pro": 0.6, "f-1_macro": 0.660280029476787, "f-1_anti": 0.711864406779661, "f-1_pro": 0.608695652173913, "p-1_macro": 0.6379771344274388, "p-1_anti": 0.658307210031348, "p-1_pro": 0.6176470588235294, "r-1_macro": 0.6874538745387454, "r-1_anti": 0.7749077490774908, "r-1_pro": 0.6, "f-0_macro": 0.0, "f-0_anti": 0.0, "f-0_pro": 0.0, "p-0_macro": 0.0, "p-0_anti": 0.0, "p-0_pro": 0.0, "r-0_macro": 0.0, "r-0_anti": 0.0, "r-0_pro": 0.0}
