Epoch: 0
Score: 0.47267801674056864
All Scores: {"f_macro": 0.47267801674056864, "f_anti": 0.6878453038674033, "f_pro": 0.25751072961373395, "p_macro": 0.5011020151133501, "p_anti": 0.6272040302267002, "p_pro": 0.375, "r_macro": 0.47877316064040293, "r_anti": 0.7614678899082569, "r_pro": 0.19607843137254902, "f-1_macro": 0.47267801674056864, "f-1_anti": 0.6878453038674033, "f-1_pro": 0.25751072961373395, "p-1_macro": 0.5011020151133501, "p-1_anti": 0.6272040302267002, "p-1_pro": 0.375, "r-1_macro": 0.47877316064040293, "r-1_anti": 0.7614678899082569, "r-1_pro": 0.19607843137254902, "f-0_macro": 0.0, "f-0_anti": 0.0, "f-0_pro": 0.0, "p-0_macro": 0.0, "p-0_anti": 0.0, "p-0_pro": 0.0, "r-0_macro": 0.0, "r-0_anti": 0.0, "r-0_pro": 0.0}
