Epoch: 1
Score: 0.48648470464135024
All Scores: {"f_macro": 0.48648470464135024, "f_anti": 0.6708860759493671, "f_pro": 0.30208333333333337, "p_macro": 0.6695476807836358, "p_anti": 0.5955056179775281, "p_pro": 0.7435897435897436, "r_macro": 0.4788292128445581, "r_anti": 0.7681159420289855, "r_pro": 0.1895424836601307, "f-1_macro": 0.48648470464135024, "f-1_anti": 0.6708860759493671, "f-1_pro": 0.30208333333333337, "p-1_macro": 0.6695476807836358, "p-1_anti": 0.5955056179775281, "p-1_pro": 0.7435897435897436, "r-1_macro": 0.4788292128445581, "r-1_anti": 0.7681159420289855, "r-1_pro": 0.1895424836601307, "f-0_macro": 0.0, "f-0_anti": 0.0, "f-0_pro": 0.0, "p-0_macro": 0.0, "p-0_anti": 0.0, "p-0_pro": 0.0, "r-0_macro": 0.0, "r-0_anti": 0.0, "r-0_pro": 0.0}
Epoch: 3
Score: 0.530791721166423
All Scores: {"f_macro": 0.530791721166423, "f_anti": 0.6908517350157729, "f_pro": 0.37073170731707317, "p_macro": 0.6712505371723249, "p_anti": 0.611731843575419, "p_pro": 0.7307692307692307, "r_macro": 0.5209221369707303, "r_anti": 0.7934782608695652, "r_pro": 0.24836601307189543, "f-1_macro": 0.530791721166423, "f-1_anti": 0.6908517350157729, "f-1_pro": 0.37073170731707317, "p-1_macro": 0.6712505371723249, "p-1_anti": 0.611731843575419, "p-1_pro": 0.7307692307692307, "r-1_macro": 0.5209221369707303, "r-1_anti": 0.7934782608695652, "r-1_pro": 0.24836601307189543, "f-0_macro": 0.0, "f-0_anti": 0.0, "f-0_pro": 0.0, "p-0_macro": 0.0, "p-0_anti": 0.0, "p-0_pro": 0.0, "r-0_macro": 0.0, "r-0_anti": 0.0, "r-0_pro": 0.0}
Epoch: 0
Score: 0.546188033478017
All Scores: {"f_macro": 0.546188033478017, "f_anti": 0.6983240223463687, "f_pro": 0.39405204460966536, "p_macro": 0.5125391849529781, "p_anti": 0.5681818181818182, "p_pro": 0.45689655172413796, "r_macro": 0.6261011651037227, "r_anti": 0.9057971014492754, "r_pro": 0.3464052287581699, "f-1_macro": 0.546188033478017, "f-1_anti": 0.6983240223463687, "f-1_pro": 0.39405204460966536, "p-1_macro": 0.5125391849529781, "p-1_anti": 0.5681818181818182, "p-1_pro": 0.45689655172413796, "r-1_macro": 0.6261011651037227, "r-1_anti": 0.9057971014492754, "r-1_pro": 0.3464052287581699, "f-0_macro": 0.0, "f-0_anti": 0.0, "f-0_pro": 0.0, "p-0_macro": 0.0, "p-0_anti": 0.0, "p-0_pro": 0.0, "r-0_macro": 0.0, "r-0_anti": 0.0, "r-0_pro": 0.0}
Epoch: 2
Score: 0.5794026391536765
All Scores: {"f_macro": 0.5794026391536765, "f_anti": 0.6774774774774776, "f_pro": 0.4813278008298754, "p_macro": 0.6664630172694689, "p_anti": 0.6738351254480287, "p_pro": 0.6590909090909091, "r_macro": 0.5301221938050582, "r_anti": 0.6811594202898551, "r_pro": 0.3790849673202614, "f-1_macro": 0.5794026391536765, "f-1_anti": 0.6774774774774776, "f-1_pro": 0.4813278008298754, "p-1_macro": 0.6664630172694689, "p-1_anti": 0.6738351254480287, "p-1_pro": 0.6590909090909091, "r-1_macro": 0.5301221938050582, "r-1_anti": 0.6811594202898551, "r-1_pro": 0.3790849673202614, "f-0_macro": 0.0, "f-0_anti": 0.0, "f-0_pro": 0.0, "p-0_macro": 0.0, "p-0_anti": 0.0, "p-0_pro": 0.0, "r-0_macro": 0.0, "r-0_anti": 0.0, "r-0_pro": 0.0}
Epoch: 4
Score: 0.6122004357298475
All Scores: {"f_macro": 0.6122004357298475, "f_anti": 0.7058823529411765, "f_pro": 0.5185185185185185, "p_macro": 0.6581081081081082, "p_anti": 0.6162162162162163, "p_pro": 0.7, "r_macro": 0.618925831202046, "r_anti": 0.8260869565217391, "r_pro": 0.4117647058823529, "f-1_macro": 0.6122004357298475, "f-1_anti": 0.7058823529411765, "f-1_pro": 0.5185185185185185, "p-1_macro": 0.6581081081081082, "p-1_anti": 0.6162162162162163, "p-1_pro": 0.7, "r-1_macro": 0.618925831202046, "r-1_anti": 0.8260869565217391, "r-1_pro": 0.4117647058823529, "f-0_macro": 0.0, "f-0_anti": 0.0, "f-0_pro": 0.0, "p-0_macro": 0.0, "p-0_anti": 0.0, "p-0_pro": 0.0, "r-0_macro": 0.0, "r-0_anti": 0.0, "r-0_pro": 0.0}
