Epoch: 17
Score: 0.6496887379739671
All Scores: {"f_macro": 0.6496887379739671, "f_anti": 0.7204301075268817, "f_pro": 0.5789473684210525, "p_macro": 0.6477737072002254, "p_anti": 0.7127659574468085, "p_pro": 0.5827814569536424, "r_macro": 0.651712134129014, "r_anti": 0.7282608695652174, "r_pro": 0.5751633986928104, "f-1_macro": 0.6496887379739671, "f-1_anti": 0.7204301075268817, "f-1_pro": 0.5789473684210525, "p-1_macro": 0.6477737072002254, "p-1_anti": 0.7127659574468085, "p-1_pro": 0.5827814569536424, "r-1_macro": 0.651712134129014, "r-1_anti": 0.7282608695652174, "r-1_pro": 0.5751633986928104, "f-0_macro": 0.0, "f-0_anti": 0.0, "f-0_pro": 0.0, "p-0_macro": 0.0, "p-0_anti": 0.0, "p-0_pro": 0.0, "r-0_macro": 0.0, "r-0_anti": 0.0, "r-0_pro": 0.0}
Epoch: 11
Score: 0.6506024096385542
All Scores: {"f_macro": 0.6506024096385542, "f_anti": 0.7297762478485369, "f_pro": 0.5714285714285715, "p_macro": 0.6454133240320893, "p_anti": 0.6950819672131148, "p_pro": 0.5957446808510638, "r_macro": 0.6585677749360614, "r_anti": 0.7681159420289855, "r_pro": 0.5490196078431373, "f-1_macro": 0.6506024096385542, "f-1_anti": 0.7297762478485369, "f-1_pro": 0.5714285714285715, "p-1_macro": 0.6454133240320893, "p-1_anti": 0.6950819672131148, "p-1_pro": 0.5957446808510638, "r-1_macro": 0.6585677749360614, "r-1_anti": 0.7681159420289855, "r-1_pro": 0.5490196078431373, "f-0_macro": 0.0, "f-0_anti": 0.0, "f-0_pro": 0.0, "p-0_macro": 0.0, "p-0_anti": 0.0, "p-0_pro": 0.0, "r-0_macro": 0.0, "r-0_anti": 0.0, "r-0_pro": 0.0}
Epoch: 18
Score: 0.651996151996152
All Scores: {"f_macro": 0.651996151996152, "f_anti": 0.7195767195767195, "f_pro": 0.5844155844155845, "p_macro": 0.6408380445626871, "p_anti": 0.7010309278350515, "p_pro": 0.5806451612903226, "r_macro": 0.6636828644501278, "r_anti": 0.7391304347826086, "r_pro": 0.5882352941176471, "f-1_macro": 0.651996151996152, "f-1_anti": 0.7195767195767195, "f-1_pro": 0.5844155844155845, "p-1_macro": 0.6408380445626871, "p-1_anti": 0.7010309278350515, "p-1_pro": 0.5806451612903226, "r-1_macro": 0.6636828644501278, "r-1_anti": 0.7391304347826086, "r-1_pro": 0.5882352941176471, "f-0_macro": 0.0, "f-0_anti": 0.0, "f-0_pro": 0.0, "p-0_macro": 0.0, "p-0_anti": 0.0, "p-0_pro": 0.0, "r-0_macro": 0.0, "r-0_anti": 0.0, "r-0_pro": 0.0}
Epoch: 14
Score: 0.6525050490303429
All Scores: {"f_macro": 0.6525050490303429, "f_anti": 0.7411003236245955, "f_pro": 0.5639097744360902, "p_macro": 0.666653728717073, "p_anti": 0.6695906432748538, "p_pro": 0.6637168141592921, "r_macro": 0.6599531116794544, "r_anti": 0.8297101449275363, "r_pro": 0.49019607843137253, "f-1_macro": 0.6525050490303429, "f-1_anti": 0.7411003236245955, "f-1_pro": 0.5639097744360902, "p-1_macro": 0.666653728717073, "p-1_anti": 0.6695906432748538, "p-1_pro": 0.6637168141592921, "r-1_macro": 0.6599531116794544, "r-1_anti": 0.8297101449275363, "r-1_pro": 0.49019607843137253, "f-0_macro": 0.0, "f-0_anti": 0.0, "f-0_pro": 0.0, "p-0_macro": 0.0, "p-0_anti": 0.0, "p-0_pro": 0.0, "r-0_macro": 0.0, "r-0_anti": 0.0, "r-0_pro": 0.0}
Epoch: 6
Score: 0.6642832228810605
All Scores: {"f_macro": 0.6642832228810605, "f_anti": 0.7540983606557379, "f_pro": 0.5744680851063829, "p_macro": 0.658264865617602, "p_anti": 0.688622754491018, "p_pro": 0.627906976744186, "r_macro": 0.6813725490196079, "r_anti": 0.8333333333333334, "r_pro": 0.5294117647058824, "f-1_macro": 0.6642832228810605, "f-1_anti": 0.7540983606557379, "f-1_pro": 0.5744680851063829, "p-1_macro": 0.658264865617602, "p-1_anti": 0.688622754491018, "p-1_pro": 0.627906976744186, "r-1_macro": 0.6813725490196079, "r-1_anti": 0.8333333333333334, "r-1_pro": 0.5294117647058824, "f-0_macro": 0.0, "f-0_anti": 0.0, "f-0_pro": 0.0, "p-0_macro": 0.0, "p-0_anti": 0.0, "p-0_pro": 0.0, "r-0_macro": 0.0, "r-0_anti": 0.0, "r-0_pro": 0.0}
