Epoch: 6
Score: 0.5880072959416325
All Scores: {"f_macro": 0.5880072959416325, "f_anti": 0.7031463748290014, "f_pro": 0.4728682170542636, "p_macro": 0.5972197974860336, "p_anti": 0.7178770949720671, "p_pro": 0.4765625, "r_macro": 0.5791194060631057, "r_anti": 0.6890080428954424, "r_pro": 0.46923076923076923, "f-1_macro": 0.5880072959416325, "f-1_anti": 0.7031463748290014, "f-1_pro": 0.4728682170542636, "p-1_macro": 0.5972197974860336, "p-1_anti": 0.7178770949720671, "p-1_pro": 0.4765625, "r-1_macro": 0.5791194060631057, "r-1_anti": 0.6890080428954424, "r-1_pro": 0.46923076923076923, "f-0_macro": 0.0, "f-0_anti": 0.0, "f-0_pro": 0.0, "p-0_macro": 0.0, "p-0_anti": 0.0, "p-0_pro": 0.0, "r-0_macro": 0.0, "r-0_anti": 0.0, "r-0_pro": 0.0}
Epoch: 37
Score: 0.5880736699864871
All Scores: {"f_macro": 0.5880736699864871, "f_anti": 0.7082228116710876, "f_pro": 0.46792452830188674, "p_macro": 0.5800233304170312, "p_anti": 0.7007874015748031, "p_pro": 0.45925925925925926, "r_macro": 0.5963703856465251, "r_anti": 0.7158176943699732, "r_pro": 0.47692307692307695, "f-1_macro": 0.5880736699864871, "f-1_anti": 0.7082228116710876, "f-1_pro": 0.46792452830188674, "p-1_macro": 0.5800233304170312, "p-1_anti": 0.7007874015748031, "p-1_pro": 0.45925925925925926, "r-1_macro": 0.5963703856465251, "r-1_anti": 0.7158176943699732, "r-1_pro": 0.47692307692307695, "f-0_macro": 0.0, "f-0_anti": 0.0, "f-0_pro": 0.0, "p-0_macro": 0.0, "p-0_anti": 0.0, "p-0_pro": 0.0, "r-0_macro": 0.0, "r-0_anti": 0.0, "r-0_pro": 0.0}
Epoch: 44
Score: 0.589363415756663
All Scores: {"f_macro": 0.589363415756663, "f_anti": 0.696236559139785, "f_pro": 0.48249027237354086, "p_macro": 0.5931510919625613, "p_anti": 0.6981132075471698, "p_pro": 0.4881889763779528, "r_macro": 0.5856465250567128, "r_anti": 0.6943699731903485, "r_pro": 0.47692307692307695, "f-1_macro": 0.589363415756663, "f-1_anti": 0.696236559139785, "f-1_pro": 0.48249027237354086, "p-1_macro": 0.5931510919625613, "p-1_anti": 0.6981132075471698, "p-1_pro": 0.4881889763779528, "r-1_macro": 0.5856465250567128, "r-1_anti": 0.6943699731903485, "r-1_pro": 0.47692307692307695, "f-0_macro": 0.0, "f-0_anti": 0.0, "f-0_pro": 0.0, "p-0_macro": 0.0, "p-0_anti": 0.0, "p-0_pro": 0.0, "r-0_macro": 0.0, "r-0_anti": 0.0, "r-0_pro": 0.0}
Epoch: 10
Score: 0.5927263572721904
All Scores: {"f_macro": 0.5927263572721904, "f_anti": 0.7106325706594886, "f_pro": 0.4748201438848921, "p_macro": 0.5797297297297297, "p_anti": 0.7135135135135136, "p_pro": 0.44594594594594594, "r_macro": 0.6077335533099608, "r_anti": 0.707774798927614, "r_pro": 0.5076923076923077, "f-1_macro": 0.5927263572721904, "f-1_anti": 0.7106325706594886, "f-1_pro": 0.4748201438848921, "p-1_macro": 0.5797297297297297, "p-1_anti": 0.7135135135135136, "p-1_pro": 0.44594594594594594, "r-1_macro": 0.6077335533099608, "r-1_anti": 0.707774798927614, "r-1_pro": 0.5076923076923077, "f-0_macro": 0.0, "f-0_anti": 0.0, "f-0_pro": 0.0, "p-0_macro": 0.0, "p-0_anti": 0.0, "p-0_pro": 0.0, "r-0_macro": 0.0, "r-0_anti": 0.0, "r-0_pro": 0.0}
Epoch: 18
Score: 0.5957583424376593
All Scores: {"f_macro": 0.5957583424376593, "f_anti": 0.7112299465240642, "f_pro": 0.4802867383512545, "p_macro": 0.5794988814317674, "p_anti": 0.7093333333333334, "p_pro": 0.44966442953020136, "r_macro": 0.6142606723035677, "r_anti": 0.7131367292225201, "r_pro": 0.5153846153846153, "f-1_macro": 0.5957583424376593, "f-1_anti": 0.7112299465240642, "f-1_pro": 0.4802867383512545, "p-1_macro": 0.5794988814317674, "p-1_anti": 0.7093333333333334, "p-1_pro": 0.44966442953020136, "r-1_macro": 0.6142606723035677, "r-1_anti": 0.7131367292225201, "r-1_pro": 0.5153846153846153, "f-0_macro": 0.0, "f-0_anti": 0.0, "f-0_pro": 0.0, "p-0_macro": 0.0, "p-0_anti": 0.0, "p-0_pro": 0.0, "r-0_macro": 0.0, "r-0_anti": 0.0, "r-0_pro": 0.0}
