Epoch: 11
Score: 0.6275666831156014
All Scores: {"f_macro": 0.6275666831156014, "f_anti": 0.7280575539568345, "f_pro": 0.5270758122743683, "p_macro": 0.6381048387096775, "p_anti": 0.6875, "p_pro": 0.5887096774193549, "r_macro": 0.6254122444084668, "r_anti": 0.7737003058103975, "r_pro": 0.477124183006536, "f-1_macro": 0.6275666831156014, "f-1_anti": 0.7280575539568345, "f-1_pro": 0.5270758122743683, "p-1_macro": 0.6381048387096775, "p-1_anti": 0.6875, "p-1_pro": 0.5887096774193549, "r-1_macro": 0.6254122444084668, "r-1_anti": 0.7737003058103975, "r-1_pro": 0.477124183006536, "f-0_macro": 0.0, "f-0_anti": 0.0, "f-0_pro": 0.0, "p-0_macro": 0.0, "p-0_anti": 0.0, "p-0_pro": 0.0, "r-0_macro": 0.0, "r-0_anti": 0.0, "r-0_pro": 0.0}
Epoch: 23
Score: 0.6303596515124807
All Scores: {"f_macro": 0.6303596515124807, "f_anti": 0.7302533532041728, "f_pro": 0.5304659498207887, "p_macro": 0.6497554448135844, "p_anti": 0.7122093023255814, "p_pro": 0.5873015873015873, "r_macro": 0.6164478023625353, "r_anti": 0.7492354740061162, "r_pro": 0.48366013071895425, "f-1_macro": 0.6303596515124807, "f-1_anti": 0.7302533532041728, "f-1_pro": 0.5304659498207887, "p-1_macro": 0.6497554448135844, "p-1_anti": 0.7122093023255814, "p-1_pro": 0.5873015873015873, "r-1_macro": 0.6164478023625353, "r-1_anti": 0.7492354740061162, "r-1_pro": 0.48366013071895425, "f-0_macro": 0.0, "f-0_anti": 0.0, "f-0_pro": 0.0, "p-0_macro": 0.0, "p-0_anti": 0.0, "p-0_pro": 0.0, "r-0_macro": 0.0, "r-0_anti": 0.0, "r-0_pro": 0.0}
Epoch: 10
Score: 0.6354434277246965
All Scores: {"f_macro": 0.6354434277246965, "f_anti": 0.7230320699708453, "f_pro": 0.5478547854785478, "p_macro": 0.6220705663881152, "p_anti": 0.6908077994428969, "p_pro": 0.5533333333333333, "r_macro": 0.6504467230317204, "r_anti": 0.7584097859327217, "r_pro": 0.5424836601307189, "f-1_macro": 0.6354434277246965, "f-1_anti": 0.7230320699708453, "f-1_pro": 0.5478547854785478, "p-1_macro": 0.6220705663881152, "p-1_anti": 0.6908077994428969, "p-1_pro": 0.5533333333333333, "r-1_macro": 0.6504467230317204, "r-1_anti": 0.7584097859327217, "r-1_pro": 0.5424836601307189, "f-0_macro": 0.0, "f-0_anti": 0.0, "f-0_pro": 0.0, "p-0_macro": 0.0, "p-0_anti": 0.0, "p-0_pro": 0.0, "r-0_macro": 0.0, "r-0_anti": 0.0, "r-0_pro": 0.0}
Epoch: 13
Score: 0.6357924732908321
All Scores: {"f_macro": 0.6357924732908321, "f_anti": 0.7092846270928463, "f_pro": 0.5623003194888179, "p_macro": 0.628030303030303, "p_anti": 0.706060606060606, "p_pro": 0.55, "r_macro": 0.6438508124962523, "r_anti": 0.7125382262996942, "r_pro": 0.5751633986928104, "f-1_macro": 0.6357924732908321, "f-1_anti": 0.7092846270928463, "f-1_pro": 0.5623003194888179, "p-1_macro": 0.628030303030303, "p-1_anti": 0.706060606060606, "p-1_pro": 0.55, "r-1_macro": 0.6438508124962523, "r-1_anti": 0.7125382262996942, "r-1_pro": 0.5751633986928104, "f-0_macro": 0.0, "f-0_anti": 0.0, "f-0_pro": 0.0, "p-0_macro": 0.0, "p-0_anti": 0.0, "p-0_pro": 0.0, "r-0_macro": 0.0, "r-0_anti": 0.0, "r-0_pro": 0.0}
Epoch: 8
Score: 0.6452699900464498
All Scores: {"f_macro": 0.6452699900464498, "f_anti": 0.7357954545454546, "f_pro": 0.5547445255474451, "p_macro": 0.6575509130368065, "p_anti": 0.6870026525198939, "p_pro": 0.628099173553719, "r_macro": 0.6443904779036997, "r_anti": 0.7920489296636085, "r_pro": 0.49673202614379086, "f-1_macro": 0.6452699900464498, "f-1_anti": 0.7357954545454546, "f-1_pro": 0.5547445255474451, "p-1_macro": 0.6575509130368065, "p-1_anti": 0.6870026525198939, "p-1_pro": 0.628099173553719, "r-1_macro": 0.6443904779036997, "r-1_anti": 0.7920489296636085, "r-1_pro": 0.49673202614379086, "f-0_macro": 0.0, "f-0_anti": 0.0, "f-0_pro": 0.0, "p-0_macro": 0.0, "p-0_anti": 0.0, "p-0_pro": 0.0, "r-0_macro": 0.0, "r-0_anti": 0.0, "r-0_pro": 0.0}
