Epoch: 39
Score: 0.5815990274436771
All Scores: {"f_macro": 0.5815990274436771, "f_anti": 0.6993197278911565, "f_pro": 0.46387832699619774, "p_macro": 0.5842956839612844, "p_anti": 0.7099447513812155, "p_pro": 0.45864661654135336, "r_macro": 0.5791194060631057, "r_anti": 0.6890080428954424, "r_pro": 0.46923076923076923, "f-1_macro": 0.5815990274436771, "f-1_anti": 0.6993197278911565, "f-1_pro": 0.46387832699619774, "p-1_macro": 0.5842956839612844, "p-1_anti": 0.7099447513812155, "p-1_pro": 0.45864661654135336, "r-1_macro": 0.5791194060631057, "r-1_anti": 0.6890080428954424, "r-1_pro": 0.46923076923076923, "f-0_macro": 0.0, "f-0_anti": 0.0, "f-0_pro": 0.0, "p-0_macro": 0.0, "p-0_anti": 0.0, "p-0_pro": 0.0, "r-0_macro": 0.0, "r-0_anti": 0.0, "r-0_pro": 0.0}
Epoch: 40
Score: 0.5853553596622008
All Scores: {"f_macro": 0.5853553596622008, "f_anti": 0.6815020862308763, "f_pro": 0.48920863309352514, "p_macro": 0.5837759725042962, "p_anti": 0.708092485549133, "p_pro": 0.4594594594594595, "r_macro": 0.5899566921014643, "r_anti": 0.6568364611260054, "r_pro": 0.5230769230769231, "f-1_macro": 0.5853553596622008, "f-1_anti": 0.6815020862308763, "f-1_pro": 0.48920863309352514, "p-1_macro": 0.5837759725042962, "p-1_anti": 0.708092485549133, "p-1_pro": 0.4594594594594595, "r-1_macro": 0.5899566921014643, "r-1_anti": 0.6568364611260054, "r-1_pro": 0.5230769230769231, "f-0_macro": 0.0, "f-0_anti": 0.0, "f-0_pro": 0.0, "p-0_macro": 0.0, "p-0_anti": 0.0, "p-0_pro": 0.0, "r-0_macro": 0.0, "r-0_anti": 0.0, "r-0_pro": 0.0}
Epoch: 18
Score: 0.5871836545159044
All Scores: {"f_macro": 0.5871836545159044, "f_anti": 0.6949152542372882, "f_pro": 0.47945205479452047, "p_macro": 0.583213561820527, "p_anti": 0.7343283582089553, "p_pro": 0.43209876543209874, "r_macro": 0.5989894823674984, "r_anti": 0.6595174262734584, "r_pro": 0.5384615384615384, "f-1_macro": 0.5871836545159044, "f-1_anti": 0.6949152542372882, "f-1_pro": 0.47945205479452047, "p-1_macro": 0.583213561820527, "p-1_anti": 0.7343283582089553, "p-1_pro": 0.43209876543209874, "r-1_macro": 0.5989894823674984, "r-1_anti": 0.6595174262734584, "r-1_pro": 0.5384615384615384, "f-0_macro": 0.0, "f-0_anti": 0.0, "f-0_pro": 0.0, "p-0_macro": 0.0, "p-0_anti": 0.0, "p-0_pro": 0.0, "r-0_macro": 0.0, "r-0_anti": 0.0, "r-0_pro": 0.0}
Epoch: 41
Score: 0.5883882280030835
All Scores: {"f_macro": 0.5883882280030835, "f_anti": 0.6932599724896836, "f_pro": 0.4835164835164835, "p_macro": 0.5867014341590613, "p_anti": 0.711864406779661, "p_pro": 0.46153846153846156, "r_macro": 0.5916477624252423, "r_anti": 0.675603217158177, "r_pro": 0.5076923076923077, "f-1_macro": 0.5883882280030835, "f-1_anti": 0.6932599724896836, "f-1_pro": 0.4835164835164835, "p-1_macro": 0.5867014341590613, "p-1_anti": 0.711864406779661, "p-1_pro": 0.46153846153846156, "r-1_macro": 0.5916477624252423, "r-1_anti": 0.675603217158177, "r-1_pro": 0.5076923076923077, "f-0_macro": 0.0, "f-0_anti": 0.0, "f-0_pro": 0.0, "p-0_macro": 0.0, "p-0_anti": 0.0, "p-0_pro": 0.0, "r-0_macro": 0.0, "r-0_anti": 0.0, "r-0_pro": 0.0}
Epoch: 16
Score: 0.5902634197649897
All Scores: {"f_macro": 0.5902634197649897, "f_anti": 0.682385575589459, "f_pro": 0.49814126394052044, "p_macro": 0.5944554701066733, "p_anti": 0.7068965517241379, "p_pro": 0.48201438848920863, "r_macro": 0.5874510208290369, "r_anti": 0.6595174262734584, "r_pro": 0.5153846153846153, "f-1_macro": 0.5902634197649897, "f-1_anti": 0.682385575589459, "f-1_pro": 0.49814126394052044, "p-1_macro": 0.5944554701066733, "p-1_anti": 0.7068965517241379, "p-1_pro": 0.48201438848920863, "r-1_macro": 0.5874510208290369, "r-1_anti": 0.6595174262734584, "r-1_pro": 0.5153846153846153, "f-0_macro": 0.0, "f-0_anti": 0.0, "f-0_pro": 0.0, "p-0_macro": 0.0, "p-0_anti": 0.0, "p-0_pro": 0.0, "r-0_macro": 0.0, "r-0_anti": 0.0, "r-0_pro": 0.0}
