Epoch: 15
Score: 0.6135824078544987
All Scores: {"f_macro": 0.6135824078544987, "f_anti": 0.6644736842105264, "f_pro": 0.5626911314984709, "p_macro": 0.5943061840120664, "p_anti": 0.6474358974358975, "p_pro": 0.5411764705882353, "r_macro": 0.6342098467894646, "r_anti": 0.6824324324324325, "r_pro": 0.5859872611464968, "f-1_macro": 0.6135824078544987, "f-1_anti": 0.6644736842105264, "f-1_pro": 0.5626911314984709, "p-1_macro": 0.5943061840120664, "p-1_anti": 0.6474358974358975, "p-1_pro": 0.5411764705882353, "r-1_macro": 0.6342098467894646, "r-1_anti": 0.6824324324324325, "r-1_pro": 0.5859872611464968, "f-0_macro": 0.0, "f-0_anti": 0.0, "f-0_pro": 0.0, "p-0_macro": 0.0, "p-0_anti": 0.0, "p-0_pro": 0.0, "r-0_macro": 0.0, "r-0_anti": 0.0, "r-0_pro": 0.0}
Epoch: 27
Score: 0.6155389323359401
All Scores: {"f_macro": 0.6155389323359401, "f_anti": 0.6588235294117647, "f_pro": 0.5722543352601156, "p_macro": 0.5896639592291766, "p_anti": 0.6555183946488294, "p_pro": 0.5238095238095238, "r_macro": 0.6463677052849027, "r_anti": 0.6621621621621622, "r_pro": 0.6305732484076433, "f-1_macro": 0.6155389323359401, "f-1_anti": 0.6588235294117647, "f-1_pro": 0.5722543352601156, "p-1_macro": 0.5896639592291766, "p-1_anti": 0.6555183946488294, "p-1_pro": 0.5238095238095238, "r-1_macro": 0.6463677052849027, "r-1_anti": 0.6621621621621622, "r-1_pro": 0.6305732484076433, "f-0_macro": 0.0, "f-0_anti": 0.0, "f-0_pro": 0.0, "p-0_macro": 0.0, "p-0_anti": 0.0, "p-0_pro": 0.0, "r-0_macro": 0.0, "r-0_anti": 0.0, "r-0_pro": 0.0}
Epoch: 26
Score: 0.6158378658378658
All Scores: {"f_macro": 0.6158378658378658, "f_anti": 0.6794871794871794, "f_pro": 0.5521885521885522, "p_macro": 0.61602787456446, "p_anti": 0.6463414634146342, "p_pro": 0.5857142857142857, "r_macro": 0.6192546049233947, "r_anti": 0.7162162162162162, "r_pro": 0.5222929936305732, "f-1_macro": 0.6158378658378658, "f-1_anti": 0.6794871794871794, "f-1_pro": 0.5521885521885522, "p-1_macro": 0.61602787456446, "p-1_anti": 0.6463414634146342, "p-1_pro": 0.5857142857142857, "r-1_macro": 0.6192546049233947, "r-1_anti": 0.7162162162162162, "r-1_pro": 0.5222929936305732, "f-0_macro": 0.0, "f-0_anti": 0.0, "f-0_pro": 0.0, "p-0_macro": 0.0, "p-0_anti": 0.0, "p-0_pro": 0.0, "r-0_macro": 0.0, "r-0_anti": 0.0, "r-0_pro": 0.0}
Epoch: 7
Score: 0.6206534446548103
All Scores: {"f_macro": 0.6206534446548103, "f_anti": 0.6802507836990596, "f_pro": 0.5610561056105611, "p_macro": 0.6083473523992631, "p_anti": 0.6345029239766082, "p_pro": 0.5821917808219178, "r_macro": 0.6372546909967292, "r_anti": 0.7331081081081081, "r_pro": 0.5414012738853503, "f-1_macro": 0.6206534446548103, "f-1_anti": 0.6802507836990596, "f-1_pro": 0.5610561056105611, "p-1_macro": 0.6083473523992631, "p-1_anti": 0.6345029239766082, "p-1_pro": 0.5821917808219178, "r-1_macro": 0.6372546909967292, "r-1_anti": 0.7331081081081081, "r-1_pro": 0.5414012738853503, "f-0_macro": 0.0, "f-0_anti": 0.0, "f-0_pro": 0.0, "p-0_macro": 0.0, "p-0_anti": 0.0, "p-0_pro": 0.0, "r-0_macro": 0.0, "r-0_anti": 0.0, "r-0_pro": 0.0}
Epoch: 10
Score: 0.6259844433641224
All Scores: {"f_macro": 0.6259844433641224, "f_anti": 0.6578512396694214, "f_pro": 0.5941176470588234, "p_macro": 0.5979627566449148, "p_anti": 0.6440129449838188, "p_pro": 0.5519125683060109, "r_macro": 0.6578046996040626, "r_anti": 0.6722972972972973, "r_pro": 0.643312101910828, "f-1_macro": 0.6259844433641224, "f-1_anti": 0.6578512396694214, "f-1_pro": 0.5941176470588234, "p-1_macro": 0.5979627566449148, "p-1_anti": 0.6440129449838188, "p-1_pro": 0.5519125683060109, "r-1_macro": 0.6578046996040626, "r-1_anti": 0.6722972972972973, "r-1_pro": 0.643312101910828, "f-0_macro": 0.0, "f-0_anti": 0.0, "f-0_pro": 0.0, "p-0_macro": 0.0, "p-0_anti": 0.0, "p-0_pro": 0.0, "r-0_macro": 0.0, "r-0_anti": 0.0, "r-0_pro": 0.0}
