Epoch: 11
Score: 0.617680707228289
All Scores: {"f_macro": 0.617680707228289, "f_anti": 0.7020280811232449, "f_pro": 0.5333333333333333, "p_macro": 0.6175395140363293, "p_anti": 0.7165605095541401, "p_pro": 0.5185185185185185, "r_macro": 0.618546501169275, "r_anti": 0.6880733944954128, "r_pro": 0.5490196078431373, "f-1_macro": 0.617680707228289, "f-1_anti": 0.7020280811232449, "f-1_pro": 0.5333333333333333, "p-1_macro": 0.6175395140363293, "p-1_anti": 0.7165605095541401, "p-1_pro": 0.5185185185185185, "r-1_macro": 0.618546501169275, "r-1_anti": 0.6880733944954128, "r-1_pro": 0.5490196078431373, "f-0_macro": 0.0, "f-0_anti": 0.0, "f-0_pro": 0.0, "p-0_macro": 0.0, "p-0_anti": 0.0, "p-0_pro": 0.0, "r-0_macro": 0.0, "r-0_anti": 0.0, "r-0_pro": 0.0}
Epoch: 6
Score: 0.6178558696205756
All Scores: {"f_macro": 0.6178558696205756, "f_anti": 0.7338935574229692, "f_pro": 0.5018181818181818, "p_macro": 0.6212881772355657, "p_anti": 0.6770025839793282, "p_pro": 0.5655737704918032, "r_macro": 0.6261018168735384, "r_anti": 0.8012232415902141, "r_pro": 0.45098039215686275, "f-1_macro": 0.6178558696205756, "f-1_anti": 0.7338935574229692, "f-1_pro": 0.5018181818181818, "p-1_macro": 0.6212881772355657, "p-1_anti": 0.6770025839793282, "p-1_pro": 0.5655737704918032, "r-1_macro": 0.6261018168735384, "r-1_anti": 0.8012232415902141, "r-1_pro": 0.45098039215686275, "f-0_macro": 0.0, "f-0_anti": 0.0, "f-0_pro": 0.0, "p-0_macro": 0.0, "p-0_anti": 0.0, "p-0_pro": 0.0, "r-0_macro": 0.0, "r-0_anti": 0.0, "r-0_pro": 0.0}
Epoch: 4
Score: 0.6220034759678772
All Scores: {"f_macro": 0.6220034759678772, "f_anti": 0.70679012345679, "f_pro": 0.5372168284789643, "p_macro": 0.6227234603402827, "p_anti": 0.7133956386292835, "p_pro": 0.532051282051282, "r_macro": 0.6213947352641362, "r_anti": 0.7003058103975535, "r_pro": 0.5424836601307189, "f-1_macro": 0.6220034759678772, "f-1_anti": 0.70679012345679, "f-1_pro": 0.5372168284789643, "p-1_macro": 0.6227234603402827, "p-1_anti": 0.7133956386292835, "p-1_pro": 0.532051282051282, "r-1_macro": 0.6213947352641362, "r-1_anti": 0.7003058103975535, "r-1_pro": 0.5424836601307189, "f-0_macro": 0.0, "f-0_anti": 0.0, "f-0_pro": 0.0, "p-0_macro": 0.0, "p-0_anti": 0.0, "p-0_pro": 0.0, "r-0_macro": 0.0, "r-0_anti": 0.0, "r-0_pro": 0.0}
Epoch: 10
Score: 0.6230413866482362
All Scores: {"f_macro": 0.6230413866482362, "f_anti": 0.705710102489019, "f_pro": 0.5403726708074533, "p_macro": 0.5958795957715577, "p_anti": 0.6769662921348315, "p_pro": 0.514792899408284, "r_macro": 0.6528152545421838, "r_anti": 0.7370030581039755, "r_pro": 0.5686274509803921, "f-1_macro": 0.6230413866482362, "f-1_anti": 0.705710102489019, "f-1_pro": 0.5403726708074533, "p-1_macro": 0.5958795957715577, "p-1_anti": 0.6769662921348315, "p-1_pro": 0.514792899408284, "r-1_macro": 0.6528152545421838, "r-1_anti": 0.7370030581039755, "r-1_pro": 0.5686274509803921, "f-0_macro": 0.0, "f-0_anti": 0.0, "f-0_pro": 0.0, "p-0_macro": 0.0, "p-0_anti": 0.0, "p-0_pro": 0.0, "r-0_macro": 0.0, "r-0_anti": 0.0, "r-0_pro": 0.0}
Epoch: 9
Score: 0.6342216957852137
All Scores: {"f_macro": 0.6342216957852137, "f_anti": 0.7212121212121212, "f_pro": 0.5472312703583062, "p_macro": 0.6300846300846301, "p_anti": 0.7147147147147147, "p_pro": 0.5454545454545454, "r_macro": 0.6384241770102537, "r_anti": 0.72782874617737, "r_pro": 0.5490196078431373, "f-1_macro": 0.6342216957852137, "f-1_anti": 0.7212121212121212, "f-1_pro": 0.5472312703583062, "p-1_macro": 0.6300846300846301, "p-1_anti": 0.7147147147147147, "p-1_pro": 0.5454545454545454, "r-1_macro": 0.6384241770102537, "r-1_anti": 0.72782874617737, "r-1_pro": 0.5490196078431373, "f-0_macro": 0.0, "f-0_anti": 0.0, "f-0_pro": 0.0, "p-0_macro": 0.0, "p-0_anti": 0.0, "p-0_pro": 0.0, "r-0_macro": 0.0, "r-0_anti": 0.0, "r-0_pro": 0.0}
