Epoch: 39
Score: 0.6486915281995291
All Scores: {"f_macro": 0.6486915281995291, "f_anti": 0.7124773960216998, "f_pro": 0.5849056603773585, "p_macro": 0.6491693899782135, "p_anti": 0.7242647058823529, "p_pro": 0.5740740740740741, "r_macro": 0.6486107309061045, "r_anti": 0.701067615658363, "r_pro": 0.5961538461538461, "f-1_macro": 0.6486915281995291, "f-1_anti": 0.7124773960216998, "f-1_pro": 0.5849056603773585, "p-1_macro": 0.6491693899782135, "p-1_anti": 0.7242647058823529, "p-1_pro": 0.5740740740740741, "r-1_macro": 0.6486107309061045, "r-1_anti": 0.701067615658363, "r-1_pro": 0.5961538461538461, "f-0_macro": 0.0, "f-0_anti": 0.0, "f-0_pro": 0.0, "p-0_macro": 0.0, "p-0_anti": 0.0, "p-0_pro": 0.0, "r-0_macro": 0.0, "r-0_anti": 0.0, "r-0_pro": 0.0}
Epoch: 25
Score: 0.6501907353877534
All Scores: {"f_macro": 0.6501907353877534, "f_anti": 0.7125220458553791, "f_pro": 0.5878594249201278, "p_macro": 0.6461404837201015, "p_anti": 0.7062937062937062, "p_pro": 0.5859872611464968, "r_macro": 0.6543023998540013, "r_anti": 0.7188612099644128, "r_pro": 0.5897435897435898, "f-1_macro": 0.6501907353877534, "f-1_anti": 0.7125220458553791, "f-1_pro": 0.5878594249201278, "p-1_macro": 0.6461404837201015, "p-1_anti": 0.7062937062937062, "p-1_pro": 0.5859872611464968, "r-1_macro": 0.6543023998540013, "r-1_anti": 0.7188612099644128, "r-1_pro": 0.5897435897435898, "f-0_macro": 0.0, "f-0_anti": 0.0, "f-0_pro": 0.0, "p-0_macro": 0.0, "p-0_anti": 0.0, "p-0_pro": 0.0, "r-0_macro": 0.0, "r-0_anti": 0.0, "r-0_pro": 0.0}
Epoch: 29
Score: 0.6510090548618098
All Scores: {"f_macro": 0.6510090548618098, "f_anti": 0.7184115523465704, "f_pro": 0.5836065573770493, "p_macro": 0.6631265825896698, "p_anti": 0.7289377289377289, "p_pro": 0.5973154362416108, "r_macro": 0.6393489369468017, "r_anti": 0.708185053380783, "r_pro": 0.5705128205128205, "f-1_macro": 0.6510090548618098, "f-1_anti": 0.7184115523465704, "f-1_pro": 0.5836065573770493, "p-1_macro": 0.6631265825896698, "p-1_anti": 0.7289377289377289, "p-1_pro": 0.5973154362416108, "r-1_macro": 0.6393489369468017, "r-1_anti": 0.708185053380783, "r-1_pro": 0.5705128205128205, "f-0_macro": 0.0, "f-0_anti": 0.0, "f-0_pro": 0.0, "p-0_macro": 0.0, "p-0_anti": 0.0, "p-0_pro": 0.0, "r-0_macro": 0.0, "r-0_anti": 0.0, "r-0_pro": 0.0}
Epoch: 36
Score: 0.6566176470588235
All Scores: {"f_macro": 0.6566176470588235, "f_anti": 0.725, "f_pro": 0.5882352941176471, "p_macro": 0.6637992831541218, "p_anti": 0.7275985663082437, "p_pro": 0.6, "r_macro": 0.6496715028743498, "r_anti": 0.7224199288256228, "r_pro": 0.5769230769230769, "f-1_macro": 0.6566176470588235, "f-1_anti": 0.725, "f-1_pro": 0.5882352941176471, "p-1_macro": 0.6637992831541218, "p-1_anti": 0.7275985663082437, "p-1_pro": 0.6, "r-1_macro": 0.6496715028743498, "r-1_anti": 0.7224199288256228, "r-1_pro": 0.5769230769230769, "f-0_macro": 0.0, "f-0_anti": 0.0, "f-0_pro": 0.0, "p-0_macro": 0.0, "p-0_anti": 0.0, "p-0_pro": 0.0, "r-0_macro": 0.0, "r-0_anti": 0.0, "r-0_pro": 0.0}
Epoch: 27
Score: 0.6601677291016773
All Scores: {"f_macro": 0.6601677291016773, "f_anti": 0.7328767123287672, "f_pro": 0.5874587458745875, "p_macro": 0.6558564019667272, "p_anti": 0.7062706270627063, "p_pro": 0.6054421768707483, "r_macro": 0.6660393284058764, "r_anti": 0.7615658362989324, "r_pro": 0.5705128205128205, "f-1_macro": 0.6601677291016773, "f-1_anti": 0.7328767123287672, "f-1_pro": 0.5874587458745875, "p-1_macro": 0.6558564019667272, "p-1_anti": 0.7062706270627063, "p-1_pro": 0.6054421768707483, "r-1_macro": 0.6660393284058764, "r-1_anti": 0.7615658362989324, "r-1_pro": 0.5705128205128205, "f-0_macro": 0.0, "f-0_anti": 0.0, "f-0_pro": 0.0, "p-0_macro": 0.0, "p-0_anti": 0.0, "p-0_pro": 0.0, "r-0_macro": 0.0, "r-0_anti": 0.0, "r-0_pro": 0.0}
