Epoch: 41
Score: 0.600628272251309
All Scores: {"f_macro": 0.600628272251309, "f_anti": 0.6945898778359512, "f_pro": 0.5066666666666667, "p_macro": 0.6046423135464232, "p_anti": 0.6815068493150684, "p_pro": 0.5277777777777778, "r_macro": 0.5976822702801351, "r_anti": 0.708185053380783, "r_pro": 0.48717948717948717, "f-1_macro": 0.600628272251309, "f-1_anti": 0.6945898778359512, "f-1_pro": 0.5066666666666667, "p-1_macro": 0.6046423135464232, "p-1_anti": 0.6815068493150684, "p-1_pro": 0.5277777777777778, "r-1_macro": 0.5976822702801351, "r-1_anti": 0.708185053380783, "r-1_pro": 0.48717948717948717, "f-0_macro": 0.0, "f-0_anti": 0.0, "f-0_pro": 0.0, "p-0_macro": 0.0, "p-0_anti": 0.0, "p-0_pro": 0.0, "r-0_macro": 0.0, "r-0_anti": 0.0, "r-0_pro": 0.0}
Epoch: 43
Score: 0.6036594116240134
All Scores: {"f_macro": 0.6036594116240134, "f_anti": 0.6938053097345133, "f_pro": 0.5135135135135135, "p_macro": 0.6164989939637826, "p_anti": 0.6901408450704225, "p_pro": 0.5428571428571428, "r_macro": 0.5923441919883201, "r_anti": 0.697508896797153, "r_pro": 0.48717948717948717, "f-1_macro": 0.6036594116240134, "f-1_anti": 0.6938053097345133, "f-1_pro": 0.5135135135135135, "p-1_macro": 0.6164989939637826, "p-1_anti": 0.6901408450704225, "p-1_pro": 0.5428571428571428, "r-1_macro": 0.5923441919883201, "r-1_anti": 0.697508896797153, "r-1_pro": 0.48717948717948717, "f-0_macro": 0.0, "f-0_anti": 0.0, "f-0_pro": 0.0, "p-0_macro": 0.0, "p-0_anti": 0.0, "p-0_pro": 0.0, "r-0_macro": 0.0, "r-0_anti": 0.0, "r-0_pro": 0.0}
Epoch: 36
Score: 0.6093740015761784
All Scores: {"f_macro": 0.6093740015761784, "f_anti": 0.6691729323308271, "f_pro": 0.5495750708215297, "p_macro": 0.6007745667077882, "p_anti": 0.7091633466135459, "p_pro": 0.49238578680203043, "r_macro": 0.6276234145451227, "r_anti": 0.6334519572953736, "r_pro": 0.6217948717948718, "f-1_macro": 0.6093740015761784, "f-1_anti": 0.6691729323308271, "f-1_pro": 0.5495750708215297, "p-1_macro": 0.6007745667077882, "p-1_anti": 0.7091633466135459, "p-1_pro": 0.49238578680203043, "r-1_macro": 0.6276234145451227, "r-1_anti": 0.6334519572953736, "r-1_pro": 0.6217948717948718, "f-0_macro": 0.0, "f-0_anti": 0.0, "f-0_pro": 0.0, "p-0_macro": 0.0, "p-0_anti": 0.0, "p-0_pro": 0.0, "r-0_macro": 0.0, "r-0_anti": 0.0, "r-0_pro": 0.0}
Epoch: 9
Score: 0.6203112046065953
All Scores: {"f_macro": 0.6203112046065953, "f_anti": 0.7068145800316958, "f_pro": 0.5338078291814946, "p_macro": 0.6185714285714285, "p_anti": 0.6371428571428571, "p_pro": 0.6, "r_macro": 0.6371817684095265, "r_anti": 0.7935943060498221, "r_pro": 0.4807692307692308, "f-1_macro": 0.6203112046065953, "f-1_anti": 0.7068145800316958, "f-1_pro": 0.5338078291814946, "p-1_macro": 0.6185714285714285, "p-1_anti": 0.6371428571428571, "p-1_pro": 0.6, "r-1_macro": 0.6371817684095265, "r-1_anti": 0.7935943060498221, "r-1_pro": 0.4807692307692308, "f-0_macro": 0.0, "f-0_anti": 0.0, "f-0_pro": 0.0, "p-0_macro": 0.0, "p-0_anti": 0.0, "p-0_pro": 0.0, "r-0_macro": 0.0, "r-0_anti": 0.0, "r-0_pro": 0.0}
Epoch: 10
Score: 0.6218865840316945
All Scores: {"f_macro": 0.6218865840316945, "f_anti": 0.7138047138047138, "f_pro": 0.5299684542586751, "p_macro": 0.5995277121822475, "p_anti": 0.6773162939297125, "p_pro": 0.5217391304347826, "r_macro": 0.6464549685190255, "r_anti": 0.7544483985765125, "r_pro": 0.5384615384615384, "f-1_macro": 0.6218865840316945, "f-1_anti": 0.7138047138047138, "f-1_pro": 0.5299684542586751, "p-1_macro": 0.5995277121822475, "p-1_anti": 0.6773162939297125, "p-1_pro": 0.5217391304347826, "r-1_macro": 0.6464549685190255, "r-1_anti": 0.7544483985765125, "r-1_pro": 0.5384615384615384, "f-0_macro": 0.0, "f-0_anti": 0.0, "f-0_pro": 0.0, "p-0_macro": 0.0, "p-0_anti": 0.0, "p-0_pro": 0.0, "r-0_macro": 0.0, "r-0_anti": 0.0, "r-0_pro": 0.0}
