Epoch: 0
Score: 0.5251167133520075
All Scores: {"f_macro": 0.5251167133520075, "f_anti": 0.6946778711484594, "f_pro": 0.35555555555555557, "p_macro": 0.560882800608828, "p_anti": 0.5662100456621004, "p_pro": 0.5555555555555556, "r_macro": 0.5799943165672066, "r_anti": 0.8985507246376812, "r_pro": 0.26143790849673204, "f-1_macro": 0.5251167133520075, "f-1_anti": 0.6946778711484594, "f-1_pro": 0.35555555555555557, "p-1_macro": 0.560882800608828, "p-1_anti": 0.5662100456621004, "p-1_pro": 0.5555555555555556, "r-1_macro": 0.5799943165672066, "r-1_anti": 0.8985507246376812, "r-1_pro": 0.26143790849673204, "f-0_macro": 0.0, "f-0_anti": 0.0, "f-0_pro": 0.0, "p-0_macro": 0.0, "p-0_anti": 0.0, "p-0_pro": 0.0, "r-0_macro": 0.0, "r-0_anti": 0.0, "r-0_pro": 0.0}
