Epoch: 10
Score: 0.6219679858587843
All Scores: {"f_macro": 0.6219679858587843, "f_anti": 0.7145242070116862, "f_pro": 0.5294117647058824, "p_macro": 0.6337903582485626, "p_anti": 0.6625386996904025, "p_pro": 0.6050420168067226, "r_macro": 0.6229752770673487, "r_anti": 0.7753623188405797, "r_pro": 0.47058823529411764, "f-1_macro": 0.6219679858587843, "f-1_anti": 0.7145242070116862, "f-1_pro": 0.5294117647058824, "p-1_macro": 0.6337903582485626, "p-1_anti": 0.6625386996904025, "p-1_pro": 0.6050420168067226, "r-1_macro": 0.6229752770673487, "r-1_anti": 0.7753623188405797, "r-1_pro": 0.47058823529411764, "f-0_macro": 0.0, "f-0_anti": 0.0, "f-0_pro": 0.0, "p-0_macro": 0.0, "p-0_anti": 0.0, "p-0_pro": 0.0, "r-0_macro": 0.0, "r-0_anti": 0.0, "r-0_pro": 0.0}
Epoch: 11
Score: 0.6220121122234581
All Scores: {"f_macro": 0.6220121122234581, "f_anti": 0.7060931899641577, "f_pro": 0.5379310344827586, "p_macro": 0.6339623129885592, "p_anti": 0.6985815602836879, "p_pro": 0.5693430656934306, "r_macro": 0.6117860187553281, "r_anti": 0.7137681159420289, "r_pro": 0.5098039215686274, "f-1_macro": 0.6220121122234581, "f-1_anti": 0.7060931899641577, "f-1_pro": 0.5379310344827586, "p-1_macro": 0.6339623129885592, "p-1_anti": 0.6985815602836879, "p-1_pro": 0.5693430656934306, "r-1_macro": 0.6117860187553281, "r-1_anti": 0.7137681159420289, "r-1_pro": 0.5098039215686274, "f-0_macro": 0.0, "f-0_anti": 0.0, "f-0_pro": 0.0, "p-0_macro": 0.0, "p-0_anti": 0.0, "p-0_pro": 0.0, "r-0_macro": 0.0, "r-0_anti": 0.0, "r-0_pro": 0.0}
Epoch: 6
Score: 0.6261571841851494
All Scores: {"f_macro": 0.6261571841851494, "f_anti": 0.7081967213114754, "f_pro": 0.5441176470588235, "p_macro": 0.6342776631610728, "p_anti": 0.6467065868263473, "p_pro": 0.6218487394957983, "r_macro": 0.6331344131855641, "r_anti": 0.782608695652174, "r_pro": 0.48366013071895425, "f-1_macro": 0.6261571841851494, "f-1_anti": 0.7081967213114754, "f-1_pro": 0.5441176470588235, "p-1_macro": 0.6342776631610728, "p-1_anti": 0.6467065868263473, "p-1_pro": 0.6218487394957983, "r-1_macro": 0.6331344131855641, "r-1_anti": 0.782608695652174, "r-1_pro": 0.48366013071895425, "f-0_macro": 0.0, "f-0_anti": 0.0, "f-0_pro": 0.0, "p-0_macro": 0.0, "p-0_anti": 0.0, "p-0_pro": 0.0, "r-0_macro": 0.0, "r-0_anti": 0.0, "r-0_pro": 0.0}
Epoch: 13
Score: 0.6343058350100603
All Scores: {"f_macro": 0.6343058350100603, "f_anti": 0.6971830985915494, "f_pro": 0.5714285714285714, "p_macro": 0.6450112451441423, "p_anti": 0.678082191780822, "p_pro": 0.6119402985074627, "r_macro": 0.6266695083830633, "r_anti": 0.717391304347826, "r_pro": 0.5359477124183006, "f-1_macro": 0.6343058350100603, "f-1_anti": 0.6971830985915494, "f-1_pro": 0.5714285714285714, "p-1_macro": 0.6450112451441423, "p-1_anti": 0.678082191780822, "p-1_pro": 0.6119402985074627, "r-1_macro": 0.6266695083830633, "r-1_anti": 0.717391304347826, "r-1_pro": 0.5359477124183006, "f-0_macro": 0.0, "f-0_anti": 0.0, "f-0_pro": 0.0, "p-0_macro": 0.0, "p-0_anti": 0.0, "p-0_pro": 0.0, "r-0_macro": 0.0, "r-0_anti": 0.0, "r-0_pro": 0.0}
Epoch: 9
Score: 0.6390537666320423
All Scores: {"f_macro": 0.6390537666320423, "f_anti": 0.720136518771331, "f_pro": 0.5579710144927535, "p_macro": 0.6533307107264621, "p_anti": 0.6806451612903226, "p_pro": 0.6260162601626016, "r_macro": 0.6338803637396988, "r_anti": 0.7644927536231884, "r_pro": 0.5032679738562091, "f-1_macro": 0.6390537666320423, "f-1_anti": 0.720136518771331, "f-1_pro": 0.5579710144927535, "p-1_macro": 0.6533307107264621, "p-1_anti": 0.6806451612903226, "p-1_pro": 0.6260162601626016, "r-1_macro": 0.6338803637396988, "r-1_anti": 0.7644927536231884, "r-1_pro": 0.5032679738562091, "f-0_macro": 0.0, "f-0_anti": 0.0, "f-0_pro": 0.0, "p-0_macro": 0.0, "p-0_anti": 0.0, "p-0_pro": 0.0, "r-0_macro": 0.0, "r-0_anti": 0.0, "r-0_pro": 0.0}
