Epoch: 30
Score: 0.6602928386766265
All Scores: {"f_macro": 0.6602928386766265, "f_anti": 0.7355516637478109, "f_pro": 0.5850340136054422, "p_macro": 0.6608967423969228, "p_anti": 0.711864406779661, "p_pro": 0.6099290780141844, "r_macro": 0.6614805342426826, "r_anti": 0.7608695652173914, "r_pro": 0.5620915032679739, "f-1_macro": 0.6602928386766265, "f-1_anti": 0.7355516637478109, "f-1_pro": 0.5850340136054422, "p-1_macro": 0.6608967423969228, "p-1_anti": 0.711864406779661, "p-1_pro": 0.6099290780141844, "r-1_macro": 0.6614805342426826, "r-1_anti": 0.7608695652173914, "r-1_pro": 0.5620915032679739, "f-0_macro": 0.0, "f-0_anti": 0.0, "f-0_pro": 0.0, "p-0_macro": 0.0, "p-0_anti": 0.0, "p-0_pro": 0.0, "r-0_macro": 0.0, "r-0_anti": 0.0, "r-0_pro": 0.0}
Epoch: 38
Score: 0.6609865888127667
All Scores: {"f_macro": 0.6609865888127667, "f_anti": 0.731369150779896, "f_pro": 0.5906040268456375, "p_macro": 0.6539466147325008, "p_anti": 0.7009966777408638, "p_pro": 0.6068965517241379, "r_macro": 0.6698280761579993, "r_anti": 0.7644927536231884, "r_pro": 0.5751633986928104, "f-1_macro": 0.6609865888127667, "f-1_anti": 0.731369150779896, "f-1_pro": 0.5906040268456375, "p-1_macro": 0.6539466147325008, "p-1_anti": 0.7009966777408638, "p-1_pro": 0.6068965517241379, "r-1_macro": 0.6698280761579993, "r-1_anti": 0.7644927536231884, "r-1_pro": 0.5751633986928104, "f-0_macro": 0.0, "f-0_anti": 0.0, "f-0_pro": 0.0, "p-0_macro": 0.0, "p-0_anti": 0.0, "p-0_pro": 0.0, "r-0_macro": 0.0, "r-0_anti": 0.0, "r-0_pro": 0.0}
Epoch: 25
Score: 0.6612500294595933
All Scores: {"f_macro": 0.6612500294595933, "f_anti": 0.7330960854092528, "f_pro": 0.5894039735099338, "p_macro": 0.6587975782606655, "p_anti": 0.7202797202797203, "p_pro": 0.5973154362416108, "r_macro": 0.6640380789997158, "r_anti": 0.7463768115942029, "r_pro": 0.5816993464052288, "f-1_macro": 0.6612500294595933, "f-1_anti": 0.7330960854092528, "f-1_pro": 0.5894039735099338, "p-1_macro": 0.6587975782606655, "p-1_anti": 0.7202797202797203, "p-1_pro": 0.5973154362416108, "r-1_macro": 0.6640380789997158, "r-1_anti": 0.7463768115942029, "r-1_pro": 0.5816993464052288, "f-0_macro": 0.0, "f-0_anti": 0.0, "f-0_pro": 0.0, "p-0_macro": 0.0, "p-0_anti": 0.0, "p-0_pro": 0.0, "r-0_macro": 0.0, "r-0_anti": 0.0, "r-0_pro": 0.0}
Epoch: 40
Score: 0.6615347216595089
All Scores: {"f_macro": 0.6615347216595089, "f_anti": 0.7317073170731707, "f_pro": 0.5913621262458472, "p_macro": 0.6530246689642663, "p_anti": 0.7046979865771812, "p_pro": 0.6013513513513513, "r_macro": 0.67128445581131, "r_anti": 0.7608695652173914, "r_pro": 0.5816993464052288, "f-1_macro": 0.6615347216595089, "f-1_anti": 0.7317073170731707, "f-1_pro": 0.5913621262458472, "p-1_macro": 0.6530246689642663, "p-1_anti": 0.7046979865771812, "p-1_pro": 0.6013513513513513, "r-1_macro": 0.67128445581131, "r-1_anti": 0.7608695652173914, "r-1_pro": 0.5816993464052288, "f-0_macro": 0.0, "f-0_anti": 0.0, "f-0_pro": 0.0, "p-0_macro": 0.0, "p-0_anti": 0.0, "p-0_pro": 0.0, "r-0_macro": 0.0, "r-0_anti": 0.0, "r-0_pro": 0.0}
Epoch: 27
Score: 0.6621165348253907
All Scores: {"f_macro": 0.6621165348253907, "f_anti": 0.7397260273972603, "f_pro": 0.584507042253521, "p_macro": 0.6674432437791216, "p_anti": 0.7012987012987013, "p_pro": 0.6335877862595419, "r_macro": 0.6625461778914464, "r_anti": 0.782608695652174, "r_pro": 0.5424836601307189, "f-1_macro": 0.6621165348253907, "f-1_anti": 0.7397260273972603, "f-1_pro": 0.584507042253521, "p-1_macro": 0.6674432437791216, "p-1_anti": 0.7012987012987013, "p-1_pro": 0.6335877862595419, "r-1_macro": 0.6625461778914464, "r-1_anti": 0.782608695652174, "r-1_pro": 0.5424836601307189, "f-0_macro": 0.0, "f-0_anti": 0.0, "f-0_pro": 0.0, "p-0_macro": 0.0, "p-0_anti": 0.0, "p-0_pro": 0.0, "r-0_macro": 0.0, "r-0_anti": 0.0, "r-0_pro": 0.0}
