Epoch: 12
Score: 0.631392720754423
All Scores: {"f_macro": 0.631392720754423, "f_anti": 0.6974358974358975, "f_pro": 0.5653495440729484, "p_macro": 0.6043124429571037, "p_anti": 0.6710526315789473, "p_pro": 0.5375722543352601, "r_macro": 0.6610662469203394, "r_anti": 0.7259786476868327, "r_pro": 0.5961538461538461, "f-1_macro": 0.631392720754423, "f-1_anti": 0.6974358974358975, "f-1_pro": 0.5653495440729484, "p-1_macro": 0.6043124429571037, "p-1_anti": 0.6710526315789473, "p-1_pro": 0.5375722543352601, "r-1_macro": 0.6610662469203394, "r-1_anti": 0.7259786476868327, "r-1_pro": 0.5961538461538461, "f-0_macro": 0.0, "f-0_anti": 0.0, "f-0_pro": 0.0, "p-0_macro": 0.0, "p-0_anti": 0.0, "p-0_pro": 0.0, "r-0_macro": 0.0, "r-0_anti": 0.0, "r-0_pro": 0.0}
Epoch: 18
Score: 0.6315154957349222
All Scores: {"f_macro": 0.6315154957349222, "f_anti": 0.6959578207381371, "f_pro": 0.5670731707317073, "p_macro": 0.6140988372093024, "p_anti": 0.6875, "p_pro": 0.5406976744186046, "r_macro": 0.6503900903367095, "r_anti": 0.7046263345195729, "r_pro": 0.5961538461538461, "f-1_macro": 0.6315154957349222, "f-1_anti": 0.6959578207381371, "f-1_pro": 0.5670731707317073, "p-1_macro": 0.6140988372093024, "p-1_anti": 0.6875, "p-1_pro": 0.5406976744186046, "r-1_macro": 0.6503900903367095, "r-1_anti": 0.7046263345195729, "r-1_pro": 0.5961538461538461, "f-0_macro": 0.0, "f-0_anti": 0.0, "f-0_pro": 0.0, "p-0_macro": 0.0, "p-0_anti": 0.0, "p-0_pro": 0.0, "r-0_macro": 0.0, "r-0_anti": 0.0, "r-0_pro": 0.0}
Epoch: 30
Score: 0.6359735183855786
All Scores: {"f_macro": 0.6359735183855786, "f_anti": 0.7068676716917922, "f_pro": 0.5650793650793651, "p_macro": 0.6137349733301489, "p_anti": 0.6677215189873418, "p_pro": 0.559748427672956, "r_macro": 0.6607012501140614, "r_anti": 0.7508896797153025, "r_pro": 0.5705128205128205, "f-1_macro": 0.6359735183855786, "f-1_anti": 0.7068676716917922, "f-1_pro": 0.5650793650793651, "p-1_macro": 0.6137349733301489, "p-1_anti": 0.6677215189873418, "p-1_pro": 0.559748427672956, "r-1_macro": 0.6607012501140614, "r-1_anti": 0.7508896797153025, "r-1_pro": 0.5705128205128205, "f-0_macro": 0.0, "f-0_anti": 0.0, "f-0_pro": 0.0, "p-0_macro": 0.0, "p-0_anti": 0.0, "p-0_pro": 0.0, "r-0_macro": 0.0, "r-0_anti": 0.0, "r-0_pro": 0.0}
Epoch: 36
Score: 0.636778577398591
All Scores: {"f_macro": 0.636778577398591, "f_anti": 0.7003484320557491, "f_pro": 0.573208722741433, "p_macro": 0.6217912917571621, "p_anti": 0.6860068259385665, "p_pro": 0.5575757575757576, "r_macro": 0.6525230404233964, "r_anti": 0.7153024911032029, "r_pro": 0.5897435897435898, "f-1_macro": 0.636778577398591, "f-1_anti": 0.7003484320557491, "f-1_pro": 0.573208722741433, "p-1_macro": 0.6217912917571621, "p-1_anti": 0.6860068259385665, "p-1_pro": 0.5575757575757576, "r-1_macro": 0.6525230404233964, "r-1_anti": 0.7153024911032029, "r-1_pro": 0.5897435897435898, "f-0_macro": 0.0, "f-0_anti": 0.0, "f-0_pro": 0.0, "p-0_macro": 0.0, "p-0_anti": 0.0, "p-0_pro": 0.0, "r-0_macro": 0.0, "r-0_anti": 0.0, "r-0_pro": 0.0}
Epoch: 19
Score: 0.6381456953642384
All Scores: {"f_macro": 0.6381456953642384, "f_anti": 0.72, "f_pro": 0.5562913907284769, "p_macro": 0.6262292266071199, "p_anti": 0.677115987460815, "p_pro": 0.5753424657534246, "r_macro": 0.6535724062414454, "r_anti": 0.7686832740213523, "r_pro": 0.5384615384615384, "f-1_macro": 0.6381456953642384, "f-1_anti": 0.72, "f-1_pro": 0.5562913907284769, "p-1_macro": 0.6262292266071199, "p-1_anti": 0.677115987460815, "p-1_pro": 0.5753424657534246, "r-1_macro": 0.6535724062414454, "r-1_anti": 0.7686832740213523, "r-1_pro": 0.5384615384615384, "f-0_macro": 0.0, "f-0_anti": 0.0, "f-0_pro": 0.0, "p-0_macro": 0.0, "p-0_anti": 0.0, "p-0_pro": 0.0, "r-0_macro": 0.0, "r-0_anti": 0.0, "r-0_pro": 0.0}
