Epoch: 20
Score: 0.6337987201861547
All Scores: {"f_macro": 0.6337987201861547, "f_anti": 0.7120418848167539, "f_pro": 0.5555555555555555, "p_macro": 0.6262098828323994, "p_anti": 0.6754966887417219, "p_pro": 0.5769230769230769, "r_macro": 0.6442409066947812, "r_anti": 0.7527675276752768, "r_pro": 0.5357142857142857, "f-1_macro": 0.6337987201861547, "f-1_anti": 0.7120418848167539, "f-1_pro": 0.5555555555555555, "p-1_macro": 0.6262098828323994, "p-1_anti": 0.6754966887417219, "p-1_pro": 0.5769230769230769, "r-1_macro": 0.6442409066947812, "r-1_anti": 0.7527675276752768, "r-1_pro": 0.5357142857142857, "f-0_macro": 0.0, "f-0_anti": 0.0, "f-0_pro": 0.0, "p-0_macro": 0.0, "p-0_anti": 0.0, "p-0_pro": 0.0, "r-0_macro": 0.0, "r-0_anti": 0.0, "r-0_pro": 0.0}
Epoch: 24
Score: 0.6360552426924109
All Scores: {"f_macro": 0.6360552426924109, "f_anti": 0.7115044247787611, "f_pro": 0.5606060606060607, "p_macro": 0.640223831468071, "p_anti": 0.6836734693877551, "p_pro": 0.5967741935483871, "r_macro": 0.6351344227727991, "r_anti": 0.7416974169741697, "r_pro": 0.5285714285714286, "f-1_macro": 0.6360552426924109, "f-1_anti": 0.7115044247787611, "f-1_pro": 0.5606060606060607, "p-1_macro": 0.640223831468071, "p-1_anti": 0.6836734693877551, "p-1_pro": 0.5967741935483871, "r-1_macro": 0.6351344227727991, "r-1_anti": 0.7416974169741697, "r-1_pro": 0.5285714285714286, "f-0_macro": 0.0, "f-0_anti": 0.0, "f-0_pro": 0.0, "p-0_macro": 0.0, "p-0_anti": 0.0, "p-0_pro": 0.0, "r-0_macro": 0.0, "r-0_anti": 0.0, "r-0_pro": 0.0}
Epoch: 12
Score: 0.6377097920098846
All Scores: {"f_macro": 0.6377097920098846, "f_anti": 0.7051070840197693, "f_pro": 0.5703125, "p_macro": 0.6331075533661741, "p_anti": 0.6369047619047619, "p_pro": 0.6293103448275862, "r_macro": 0.655548234053769, "r_anti": 0.7896678966789668, "r_pro": 0.5214285714285715, "f-1_macro": 0.6377097920098846, "f-1_anti": 0.7051070840197693, "f-1_pro": 0.5703125, "p-1_macro": 0.6331075533661741, "p-1_anti": 0.6369047619047619, "p-1_pro": 0.6293103448275862, "r-1_macro": 0.655548234053769, "r-1_anti": 0.7896678966789668, "r-1_pro": 0.5214285714285715, "f-0_macro": 0.0, "f-0_anti": 0.0, "f-0_pro": 0.0, "p-0_macro": 0.0, "p-0_anti": 0.0, "p-0_pro": 0.0, "r-0_macro": 0.0, "r-0_anti": 0.0, "r-0_pro": 0.0}
Epoch: 40
Score: 0.6388514389421831
All Scores: {"f_macro": 0.6388514389421831, "f_anti": 0.7137931034482758, "f_pro": 0.5639097744360902, "p_macro": 0.6325705039297272, "p_anti": 0.6699029126213593, "p_pro": 0.5952380952380952, "r_macro": 0.6497759620453347, "r_anti": 0.7638376383763837, "r_pro": 0.5357142857142857, "f-1_macro": 0.6388514389421831, "f-1_anti": 0.7137931034482758, "f-1_pro": 0.5639097744360902, "p-1_macro": 0.6325705039297272, "p-1_anti": 0.6699029126213593, "p-1_pro": 0.5952380952380952, "r-1_macro": 0.6497759620453347, "r-1_anti": 0.7638376383763837, "r-1_pro": 0.5357142857142857, "f-0_macro": 0.0, "f-0_anti": 0.0, "f-0_pro": 0.0, "p-0_macro": 0.0, "p-0_anti": 0.0, "p-0_pro": 0.0, "r-0_macro": 0.0, "r-0_anti": 0.0, "r-0_pro": 0.0}
Epoch: 21
Score: 0.6437819641354308
All Scores: {"f_macro": 0.6437819641354308, "f_anti": 0.7192982456140351, "f_pro": 0.5682656826568265, "p_macro": 0.6367024943194873, "p_anti": 0.68561872909699, "p_pro": 0.5877862595419847, "r_macro": 0.6532287822878229, "r_anti": 0.7564575645756457, "r_pro": 0.55, "f-1_macro": 0.6437819641354308, "f-1_anti": 0.7192982456140351, "f-1_pro": 0.5682656826568265, "p-1_macro": 0.6367024943194873, "p-1_anti": 0.68561872909699, "p-1_pro": 0.5877862595419847, "r-1_macro": 0.6532287822878229, "r-1_anti": 0.7564575645756457, "r-1_pro": 0.55, "f-0_macro": 0.0, "f-0_anti": 0.0, "f-0_pro": 0.0, "p-0_macro": 0.0, "p-0_anti": 0.0, "p-0_pro": 0.0, "r-0_macro": 0.0, "r-0_anti": 0.0, "r-0_pro": 0.0}
